Date	ADBE	CAT	DELL	INTC	MU	NVDA	PG	TEAM	WM
2023-07-06	0.07021670	0.05325244	0.29122595	0.07104607	0.50552323	0.64306647	-0.03077025	-0.31038429	-0.14133705
2023-07-07	0.06746165	0.05845494	0.29484155	0.05703014	0.42272261	0.59485955	-0.03313639	-0.27669454	-0.13938366
2023-07-10	0.10583953	0.03643143	0.30907904	0.04115310	0.44804804	0.59003089	-0.03361599	-0.26972020	-0.13836350
2023-07-11	0.12491687	0.03457493	0.31506254	0.04198983	0.45861727	0.60495679	-0.03169078	-0.27533644	-0.15267043
2023-07-12	0.13304594	0.03413082	0.33805426	0.03405670	0.46036488	0.60608574	-0.03411802	-0.26386986	-0.15194143
2023-07-13	0.12202571	0.04205859	0.33606623	0.03321308	0.47638966	0.62112825	-0.03395379	-0.25535343	-0.17136369
2023-07-14	0.11182036	0.02876268	0.29519673	0.03525437	0.47851977	0.60631692	-0.04216407	-0.22895601	-0.15718278
2023-07-17	0.10830018	0.02780620	0.31135166	0.02697863	0.47827267	0.61047009	-0.04069050	-0.22043020	-0.14652382
2023-07-18	0.10370174	0.01681493	0.33905305	0.01694723	0.49438243	0.63076100	-0.04549999	-0.26043600	-0.14204556
2023-07-19	0.10833262	0.01520400	0.33559355	0.02074760	0.49440168	0.62618141	-0.04459645	-0.26281203	-0.14595398
2023-07-20	0.11267279	0.01155122	0.32897022	-0.01077189	0.51490315	0.65354219	-0.04833222	-0.28969368	-0.13611037
2023-07-21	0.14559108	0.01277875	0.32624794	-0.00925174	0.55039423	0.64100721	-0.06659918	-0.25161078	-0.13481932
2023-07-24	0.14482845	0.01249121	0.32522865	-0.01517430	0.55209136	0.65030495	-0.06742832	-0.25090997	-0.13445727
2023-07-25	0.16291065	0.00284865	0.31995659	-0.02812378	0.52544421	0.62709105	-0.04525940	-0.17824146	-0.14141904
2023-07-26	0.15565312	-0.00496118	0.31394469	-0.03110464	0.54506959	0.65430638	-0.04504046	-0.18420796	-0.16148722
2023-07-27	0.15403647	-0.00107638	0.31399056	-0.02983301	0.55881663	0.65514852	-0.04569005	-0.18564073	-0.16211924
2023-07-28	0.14352628	0.00869142	0.33537583	-0.05663911	0.56845188	0.65906360	-0.04817456	-0.16857032	-0.16416124
2023-07-31	0.15968621	0.02507614	0.33204665	-0.10661408	0.57881503	0.67164830	-0.04706447	-0.16671020	-0.15495888
2023-08-01	0.16275522	0.10602770	0.33808802	-0.09395693	0.54818357	0.61858471	-0.03652701	-0.16266091	-0.15805031
2023-08-02	0.15418050	0.09861340	0.32866944	-0.10254000	0.50248885	0.58313257	-0.04124660	-0.19366662	-0.13131872
2023-08-03	0.14607603	0.12137889	0.34132454	-0.09860105	0.49754769	0.55675262	-0.03321186	-0.21171293	-0.13670042
2023-08-04	0.16466430	0.10302416	0.34354783	-0.05331400	0.51688137	0.55879656	-0.02948312	-0.05416595	-0.13211771
2023-08-07	0.14102439	0.11656230	0.34838859	-0.02656752	0.50595100	0.53556855	-0.02191860	-0.08792990	-0.12895752
2023-08-08	0.14445000	0.11539181	0.29617456	-0.04297532	0.50863839	0.54589222	-0.03203622	-0.10376098	-0.12154323
2023-08-09	0.11137145	0.09812226	0.31702367	-0.06382079	0.45861793	0.57032354	-0.02279968	-0.08290180	-0.14054314
2023-08-10	0.11201636	0.10038840	0.31475145	-0.06238062	0.44799727	0.57085138	-0.02346976	-0.07725919	-0.14459766
2023-08-11	0.11615513	0.09720546	0.29953456	-0.06562071	0.44969843	0.57457327	-0.02549200	-0.07882133	-0.14987662
2023-08-14	0.10484841	0.09048869	0.31166911	-0.05286370	0.45126191	0.52666721	-0.02647538	-0.02717943	-0.14527936
2023-08-15	0.10674474	0.09086840	0.31179799	-0.05463974	0.45071685	0.52786401	-0.02652371	-0.03008564	-0.14445659
2023-08-16	0.10917891	0.12026730	0.33632969	-0.05013481	0.41967251	0.47586813	-0.03787687	-0.01237676	-0.14699937
2023-08-17	0.10537109	0.11964719	0.33507799	-0.04413288	0.42026365	0.46988602	-0.03952045	-0.02144596	-0.14301702
2023-08-18	0.10616225	0.12155495	0.33574892	-0.04517989	0.41947114	0.47079497	-0.04013661	-0.02266433	-0.14401058
2023-08-21	0.10798289	0.11967536	0.32680387	-0.04466648	0.42687309	0.45338519	-0.04295917	-0.00295916	-0.14147530
2023-08-22	0.11132964	0.12308814	0.34377730	-0.07948964	0.42320191	0.44434357	-0.04180386	0.01830302	-0.14684993
2023-08-23	0.11378568	0.11971892	0.34344162	-0.08479947	0.42216306	0.44759147	-0.03991581	0.01893080	-0.14730931
2023-08-24	0.11060779	0.11888690	0.32569614	-0.07358283	0.41357288	0.41642298	-0.04346862	0.03718381	-0.14461961
2023-08-25	0.09552666	0.11544871	0.33066999	-0.07167295	0.41633334	0.42799664	-0.04253386	0.02188249	-0.14217841
2023-08-28	0.09636103	0.11610465	0.32857125	-0.07243211	0.41337250	0.42772386	-0.04225707	0.02071901	-0.14265529
2023-08-29	0.09946243	0.11428162	0.33816893	-0.07209218	0.41235288	0.42568070	-0.04124127	0.01373920	-0.14201226
2023-08-30	0.09693649	0.10366114	0.33909161	-0.08173289	0.41725471	0.43253854	-0.04267523	0.01004709	-0.13905442
2023-08-31	0.08390347	0.10320267	0.32031234	-0.08759495	0.39058258	0.45400076	-0.04904349	0.01346094	-0.13382539
2023-09-01	0.08231271	0.10090086	0.12770057	-0.13597075	0.38223704	0.47889925	-0.05426681	0.04682961	-0.14101203
2023-09-05	0.07961083	0.10373681	0.11015810	-0.15617617	0.38227984	0.45034472	-0.05957177	0.05477811	-0.14143474
2023-09-06	0.07952409	0.10453117	0.11059366	-0.15604004	0.38246009	0.45024789	-0.05838671	0.05480036	-0.14098634
2023-09-07	0.08935128	0.10284849	0.09652729	-0.12583922	0.38754875	0.44968180	-0.05233649	0.04859664	-0.13888180
2023-09-08	0.09323723	0.09907223	0.08712780	-0.11402533	0.38529778	0.45458664	-0.05146602	0.04897778	-0.13741778
2023-09-11	0.09106308	0.10095532	0.08403110	-0.10415790	0.38495546	0.45548339	-0.05000512	0.04535593	-0.13718037
2023-09-12	0.09060052	0.09640786	0.05880382	-0.06900982	0.40192748	0.45529759	-0.04811442	0.05842989	-0.13386671
2023-09-13	0.08690246	0.09708962	0.06110334	-0.06589983	0.39706010	0.45944146	-0.04785051	0.05792500	-0.13369277
2023-09-14	0.08866755	0.09549977	0.06129888	-0.06792696	0.39563465	0.46023003	-0.04901777	0.05760085	-0.13750549
2023-09-15	0.09405955	0.09951166	0.06499509	-0.06350102	0.39769227	0.45671085	-0.04783436	0.06790839	-0.13844354
2023-09-18	0.09827375	0.09115289	0.07392525	-0.06347405	0.39023254	0.47437253	-0.05059538	0.04538596	-0.12609862
2023-09-19	0.09148256	0.08650831	0.05854782	-0.02843298	0.37993294	0.47893025	-0.04911478	0.06195306	-0.12820364
2023-09-20	0.09021517	0.08637101	0.05766201	-0.03055266	0.37507093	0.48555974	-0.05078475	0.06680535	-0.12715314
2023-09-21	0.11455522	0.09366969	0.06675683	-0.06319362	0.39090670	0.50136314	-0.05804527	0.10341121	-0.11413438
2023-09-22	0.11511349	0.09488407	0.06554799	-0.05897381	0.39951877	0.50040426	-0.05794931	0.10623302	-0.11607840
2023-09-25	0.12739573	0.07063664	0.02264475	-0.04489865	0.39487772	0.48099983	-0.05832025	0.12446808	-0.08762596
2023-09-26	0.12813231	0.06737102	0.02273286	-0.04563018	0.39347935	0.48212398	-0.06000300	0.12512318	-0.08903360
2023-09-27	0.13043948	0.06634696	0.01631698	-0.03699678	0.38681581	0.48520245	-0.06072370	0.15153104	-0.08458556
2023-09-28	0.11674266	0.06947822	0.00789761	-0.00787542	0.32593909	0.47210593	-0.07313541	0.14316823	-0.08158343
2023-09-29	0.11210626	0.07300314	0.00862016	-0.00504966	0.30497684	0.47127203	-0.07330466	0.13794125	-0.07438656
2023-10-02	0.10804126	0.06790781	0.02380558	-0.00976584	0.31291987	0.47831346	-0.07355288	0.13880044	-0.06901310
2023-10-03	0.10764178	0.06752789	0.02041226	-0.01957586	0.30458416	0.47757435	-0.07682567	0.14531424	-0.07378377
2023-10-04	0.10581875	0.06575546	0.01561708	-0.02394852	0.30371929	0.47149241	-0.08002331	0.13619500	-0.07169083
2023-10-05	0.11055293	0.07060947	0.02650569	-0.01711313	0.29944718	0.46309786	-0.08571163	0.15085427	-0.07451544
2023-10-06	0.09733772	0.05157813	0.01345636	-0.03568112	0.33889574	0.49122428	-0.08344557	0.14132655	-0.07086252
2023-10-09	0.10567688	0.04738006	0.00197292	-0.02785322	0.27292073	0.48892665	-0.07507708	0.14618530	-0.06991140
2023-10-10	0.10370505	0.04156955	0.00833783	-0.02848011	0.25050928	0.50079206	-0.07284973	0.14299178	-0.07394595
2023-10-11	0.08674523	0.05089486	-0.01454467	-0.04097223	0.23661728	0.50048206	-0.06458105	0.16634075	-0.06565321
2023-10-12	0.08312645	0.05245564	-0.00143066	-0.05727715	0.25113472	0.50640301	-0.07223072	0.19107292	-0.05856896
2023-10-13	0.08109733	0.04578891	-0.01100672	-0.06379481	0.25007276	0.50081088	-0.07292866	0.18423612	-0.05435799
2023-10-16	0.06742795	0.04068142	-0.00369976	-0.08483834	0.24166245	0.52387517	-0.07993124	0.15116246	-0.05387210
2023-10-17	0.07854975	0.03992438	-0.01254643	-0.08904817	0.24460568	0.50767828	-0.08028640	0.15638845	-0.05098824
2023-10-18	0.08347110	0.03834808	-0.05431142	-0.12019695	0.22322554	0.54623829	-0.08626476	0.14729154	-0.05129050
2023-10-19	0.08351501	0.04315937	-0.06326875	-0.12111090	0.23871643	0.53976847	-0.08661323	0.14877583	-0.04515942
2023-10-20	0.08390871	0.04297663	-0.06150322	-0.11997182	0.23575953	0.53654489	-0.08511400	0.15032234	-0.04542514
2023-10-23	0.08307364	0.04338804	-0.06146928	-0.12731230	0.23582129	0.54288212	-0.08517502	0.14748062	-0.04604441
2023-10-24	0.06985943	0.04458045	-0.04657033	-0.12726775	0.24235790	0.55551128	-0.08263884	0.14187916	-0.05796964
2023-10-25	0.08007428	0.04974711	-0.03007709	-0.09751359	0.27145443	0.59555465	-0.07950820	0.17034787	-0.14080174
2023-10-26	0.07481454	0.04936149	-0.01465662	-0.08576249	0.28952628	0.58629339	-0.08048330	0.18256486	-0.14469636
2023-10-27	0.08730184	0.05200200	-0.02314022	-0.16018175	0.27333230	0.61108387	-0.07434541	0.18943573	-0.14953872
2023-10-30	0.07045784	0.04991316	-0.01829512	-0.15151462	0.27097255	0.60231442	-0.07111252	0.18971303	-0.15131522
2023-10-31	0.06345777	-0.01006954	0.00012799	-0.14767702	0.27327468	0.58827752	-0.06986740	0.18401136	-0.14613960
2023-11-01	0.13945424	-0.03051305	-0.02928839	-0.18652183	0.27286739	0.60657727	-0.08039686	0.28505440	-0.16136836
2023-11-02	0.14976986	-0.02894403	-0.03554754	-0.20120778	0.26950671	0.61257785	-0.07836304	0.28131074	-0.15665122
2023-11-03	0.15523123	-0.03561519	-0.03398449	-0.24113319	0.26104136	0.60956300	-0.08334365	0.14248987	-0.15452226
2023-11-06	0.17008898	-0.03402812	-0.06529036	-0.23434630	0.26261595	0.60335855	-0.08285696	0.18208659	-0.15912727
2023-11-07	0.16143295	-0.02081733	-0.06383521	-0.20208088	0.26849084	0.63817328	-0.07284259	0.17966851	-0.17000506
2023-11-08	0.16195686	-0.01807701	-0.06983818	-0.20016505	0.26766801	0.63271964	-0.07029220	0.18147081	-0.16659927
2023-11-09	0.16382679	-0.01476609	-0.05473003	-0.19110518	0.24726067	0.63834979	-0.06889098	0.17785395	-0.16484670
2023-11-10	0.15709353	-0.01633230	-0.05372076	-0.19200819	0.24154714	0.64555178	-0.06739355	0.17755154	-0.16810079
2023-11-13	0.16155863	-0.01801833	-0.05383540	-0.18956331	0.25529162	0.64700348	-0.06692671	0.18875601	-0.16818587
2023-11-14	0.16266039	-0.01451201	-0.04489078	-0.18367001	0.25528314	0.64977303	-0.06736183	0.19324102	-0.16888496
2023-11-15	0.15321447	-0.00708546	-0.04482185	-0.15751560	0.25646039	0.64747402	-0.07190389	0.19635482	-0.16870698
2023-11-16	0.17324291	0.00144355	-0.05611643	-0.22247523	0.25916707	0.64142822	-0.08888417	0.20879398	-0.15856326
2023-11-17	0.17426078	0.00560179	-0.05294482	-0.21032871	0.26675952	0.63999719	-0.09466187	0.19919324	-0.16154382
2023-11-20	0.17512711	0.00566928	-0.05225192	-0.20934483	0.26853736	0.64077151	-0.09464951	0.19954768	-0.16165261
2023-11-21	0.16027353	0.00122660	-0.03444347	-0.19102736	0.27151593	0.64139506	-0.08670487	0.17636900	-0.15960026
2023-11-22	0.16237944	-0.00229125	-0.02970861	-0.18864375	0.26804879	0.63818919	-0.08493482	0.16603513	-0.16116269
2023-11-24	0.08991632	0.05144542	-0.08820881	0.05015668	0.28859842	0.21585911	-0.09718165	0.16531653	-0.15814846
2023-11-27	0.01897408	0.04283068	-0.14643084	-0.04424347	0.16507001	0.31553467	-0.11514542	0.11695803	-0.15317861
2023-11-28	0.02033952	0.04441312	-0.14069884	-0.04920012	0.17645869	0.31180687	-0.11448933	0.12207286	-0.15518420
2023-11-29	0.02843681	0.07225189	-0.22293834	0.05749505	0.10404112	0.24501097	-0.13485589	0.24737951	-0.15569051
2023-11-30	0.05220224	0.07505835	-0.22899008	0.04319883	0.11908835	0.30290405	-0.12838253	0.22827303	-0.15528179
2023-12-01	0.08393963	0.13682454	-0.16634132	0.06942696	0.12524899	0.29235890	-0.11351854	0.28631134	-0.16459260
2023-12-04	0.08804581	0.14683832	-0.11423398	0.12514846	0.14647062	0.29469117	-0.10729330	0.30672723	-0.17073356
2023-12-05	0.10041867	0.13342800	-0.10184083	0.14661074	0.15465349	0.28182451	-0.07825099	0.30954628	-0.16532730
2023-12-06	0.11501315	0.12189611	-0.12013826	0.10150220	0.15294311	0.27366079	-0.09123124	0.34319713	-0.14727224
2023-12-07	0.08427190	0.12754399	-0.12129448	0.09938783	0.18017201	0.26791454	-0.09727625	0.36807935	-0.15526100
2023-12-08	0.04604627	0.11871172	-0.12972696	0.11573132	0.18326704	0.26745881	-0.10023506	0.37843336	-0.15314282
2023-12-11	0.04547128	0.11696790	-0.12119281	0.14381915	0.20616970	0.25752482	-0.10198519	0.44293910	-0.15685643
2023-12-12	0.04882035	0.13612871	-0.09957994	0.14933642	0.21215353	0.29854056	-0.11117724	0.43516322	-0.15764062
2023-12-13	0.08158033	0.12480472	-0.09799053	0.13683565	0.19756950	0.27793695	-0.11396395	0.40959357	-0.17057689
2023-12-14	-0.01233851	0.19955380	-0.01552804	0.15208624	0.21819497	0.25716233	-0.11212650	0.42674895	-0.20165021
2023-12-15	-0.00659525	0.19899667	-0.01874585	0.16572854	0.21371831	0.26669714	-0.11094318	0.42755328	-0.20288462
2023-12-18	-0.01262586	0.19788214	-0.02333406	0.15819868	0.21310527	0.27233036	-0.11065048	0.42084503	-0.20141165
2023-12-19	-0.02690850	0.17367668	-0.01380893	0.09454222	0.21008785	0.30422365	-0.10573920	0.43581926	-0.19915267
2023-12-20	-0.03184444	0.17069571	-0.00243799	0.09507644	0.22884473	0.30905026	-0.10736599	0.39738133	-0.19871789
2023-12-21	-0.03577636	0.16649855	0.00892540	0.09789019	0.25382595	0.30978388	-0.10797106	0.39735298	-0.19603047
2023-12-22	-0.02955817	0.17011215	-0.00502325	0.06791610	0.24778510	0.32493898	-0.10807270	0.40693490	-0.19364103
2023-12-26	-0.03035638	0.17185571	-0.00189558	0.05492713	0.24203721	0.32566727	-0.11519573	0.42223582	-0.19979017
2023-12-27	-0.03273872	0.17138982	0.00039397	0.04850214	0.24530609	0.31919996	-0.11324806	0.43048393	-0.20107642
2023-12-28	-0.03722958	0.17347649	-0.00483570	0.04346817	0.24659068	0.32129299	-0.11458304	0.42765326	-0.20171149
2023-12-29	-0.04233329	0.17362830	-0.00245138	0.04335512	0.23622353	0.32545393	-0.11302629	0.43476065	-0.19748504
2024-01-02	-0.03552323	0.18144695	-0.01570835	0.03478468	0.22530736	0.33738817	-0.10490224	0.41789454	-0.18585303
2024-01-03	-0.03733815	0.17822961	-0.01128060	0.03540419	0.22872877	0.33544460	-0.10533104	0.41377242	-0.18603976
2024-01-04	-0.04035704	0.18317600	-0.01755140	0.02998562	0.23524759	0.36141110	-0.09446119	0.41714295	-0.18174748
2024-01-05	-0.05273385	0.18249276	-0.01466720	0.03387987	0.24498913	0.35829816	-0.09551418	0.41306586	-0.18191385
2024-01-08	-0.07904530	0.19315877	0.01131927	0.01903150	0.21849889	0.39760971	-0.09388830	0.39126046	-0.17942332
2024-01-09	-0.07759875	0.19683895	-0.00150814	0.01299988	0.20997407	0.40234491	-0.09459270	0.38963080	-0.17777051
2024-01-10	-0.07425831	0.20076499	-0.02753334	0.03370038	0.22053203	0.39120776	-0.10081673	0.32655257	-0.17822596
2024-01-11	-0.07359404	0.19876774	-0.02430933	0.04017017	0.22516272	0.38781686	-0.09894876	0.33193887	-0.17820467
2024-01-12	-0.06895726	0.20076432	-0.01702594	0.04956321	0.23340186	0.39166959	-0.09668363	0.34765799	-0.18481925
2024-01-16	-0.06983670	0.20089712	-0.03007612	0.05711996	0.23562194	0.39609188	-0.09907758	0.34866084	-0.18756166
2024-01-17	-0.05997888	0.19603432	-0.06255445	0.04242615	0.21952035	0.39564881	-0.09531936	0.35998584	-0.19065477
2024-01-18	-0.08690343	0.18875209	-0.06036138	0.04550424	0.21564092	0.38691982	-0.09846825	0.37382094	-0.19043122
2024-01-19	-0.07094238	0.18065339	0.02766248	0.02025161	0.17793328	0.36244466	-0.09066906	0.35872146	-0.16239968
2024-01-22	-0.05802862	0.18545831	0.06300899	0.02030053	0.15577363	0.36736575	-0.10908857	0.36574894	-0.16512071
2024-01-23	-0.07114145	0.19184402	0.08317929	0.03312326	0.14271801	0.37070059	-0.08841452	0.37135425	-0.16621857
2024-01-24	-0.06374647	0.19437463	0.08321924	0.02329558	0.13889760	0.37168583	-0.08890786	0.34865927	-0.16857658
2024-01-25	-0.08361724	0.17089662	0.09491268	0.02072200	0.14232701	0.36497314	-0.10021806	0.33110916	-0.17092231
2024-01-26	-0.08399107	0.16522084	0.11323255	-0.02792617	0.10920274	0.35869571	-0.09742747	0.33670181	-0.16830648
2024-01-29	-0.07547307	0.16837247	0.07819664	0.01792441	0.09401297	0.35326848	-0.08260459	0.32389155	-0.17481762
2024-01-30	-0.08200022	0.16061469	0.07674209	0.02681763	0.08590240	0.35825915	-0.08344403	0.32787359	-0.17173666
2024-01-31	-0.09198982	-0.01052968	0.08981382	0.10083561	0.16673592	0.42936664	-0.09676305	0.32398628	-0.17165852
2024-02-01	-0.08984819	-0.02266946	0.10475384	0.12319506	0.20501874	0.49095037	-0.09280369	0.43915766	-0.20164425
2024-02-02	-0.07804847	-0.01988638	0.12688673	0.14994450	0.19610079	0.49119055	-0.09648803	0.60131558	-0.19437309
2024-02-05	-0.16732558	0.06475054	0.13112418	0.11423871	0.17073559	0.56865491	-0.09525020	0.17552871	-0.20348199
2024-02-06	-0.24568552	0.06410919	0.07591625	0.14763055	0.11953258	0.53819485	-0.08143381	0.03930138	-0.19609551
2024-02-07	-0.24728931	0.05629418	0.09593112	0.14958822	0.11023707	0.51858613	-0.07019840	0.04860976	-0.19964665
2024-02-08	-0.17567731	0.03161640	0.08693741	0.09045982	0.06287399	0.30893870	-0.06094836	0.02932723	-0.15616597
2024-02-09	-0.18024433	0.05252509	0.08540735	0.08457517	0.07448568	0.29168745	-0.06686598	0.01262546	-0.15017845
2024-02-12	-0.19320336	0.06804362	0.12092836	0.16169394	0.06870867	0.29448803	-0.07386299	-0.03262399	-0.14753625
2024-02-13	-0.19725793	0.06567831	0.12513088	0.16143166	0.04445233	0.28006624	-0.07378700	-0.03215725	-0.12985839
2024-02-14	-0.20123058	0.06579919	0.13245537	0.16309866	0.05024202	0.27479080	-0.07414416	-0.02406648	-0.12752611
2024-02-15	-0.20936438	0.06913861	0.10787586	0.16547869	0.04781365	0.26649629	-0.06810097	-0.03493579	-0.12865056
2024-02-16	-0.10782297	0.05970713	0.06663081	0.15751966	0.06428640	0.24225838	-0.06372018	-0.01493957	-0.13948203
2024-02-20	-0.10892975	0.06458166	0.06840007	0.14902013	0.05748471	0.24721604	-0.06216536	-0.01473422	-0.13752072
2024-02-21	-0.10958832	0.06413500	0.06983375	0.14878609	0.05309396	0.24897195	-0.06221999	-0.01617034	-0.13770468
2024-02-22	-0.19647393	0.05738349	0.14817774	0.07141355	0.11366951	0.43442469	-0.05875962	-0.03408496	-0.10929816
2024-02-23	-0.24073016	0.05751714	0.10970903	0.05842709	0.10480672	0.41979298	-0.05783956	-0.03050377	-0.10609995
2024-02-26	-0.23321216	0.06154466	0.13213663	0.03274319	0.13319509	0.44229748	-0.05689333	-0.04636676	-0.10435942
2024-02-27	-0.21016604	0.05893060	0.12462520	0.04936224	0.11018960	0.40381950	-0.05129571	-0.00817301	-0.10724929
2024-02-28	-0.21005660	0.05755294	0.12646096	0.05013729	0.11326720	0.40577491	-0.05190716	-0.00954931	-0.10981336
2024-02-29	-0.20631990	0.06396124	0.09500626	0.05216821	0.10686719	0.40215457	-0.05449925	0.01194536	-0.11557884
2024-03-01	-0.20684307	0.06584344	0.31442071	0.04838196	0.12711793	0.40857014	-0.05417184	0.00077415	-0.11549993
2024-03-04	-0.20295717	0.06659358	0.26745383	0.08617729	0.13371532	0.44593246	-0.04791598	-0.00035083	-0.11739610
2024-03-05	-0.20310580	0.05460912	0.39975229	0.08925595	0.14680482	0.48065268	-0.04506019	-0.02945777	-0.11769710
2024-03-06	-0.21493310	0.05671002	0.38982731	0.09327683	0.14209669	0.48983100	-0.05249948	-0.03630149	-0.11143457
2024-03-07	-0.21579892	0.05524381	0.38956041	0.09139551	0.14034680	0.48928063	-0.05243290	-0.03817237	-0.10994816
2024-03-08	-0.22845221	0.05206173	0.39702749	0.12637314	0.13451259	0.51694513	-0.06113479	-0.09707481	-0.11272973
2024-03-11	-0.24593789	0.05597278	0.39284812	0.10229773	0.15901215	0.50046865	-0.05955006	-0.12779796	-0.10969053
2024-03-12	-0.24798032	0.05933114	0.42976656	0.10906960	0.15195245	0.47717752	-0.05738001	-0.11393541	-0.10745014
2024-03-13	-0.24361434	0.06147704	0.42734318	0.09693294	0.14370518	0.47350248	-0.05333205	-0.12004889	-0.11048705
2024-03-14	-0.24269408	0.05993622	0.43152262	0.09608204	0.14560936	0.47719199	-0.05315640	-0.11868364	-0.10900289
2024-03-15	-0.23738190	0.06121994	0.43101030	0.09610265	0.14579685	0.47420060	-0.05168908	-0.11863484	-0.11208117
2024-03-18	-0.24275427	0.06133209	0.43133791	0.09523708	0.14363125	0.47397477	-0.05265758	-0.12255565	-0.11219898
2024-03-19	-0.25385732	0.07600086	0.40328380	0.08823886	0.13687253	0.43679109	-0.05301176	-0.08620848	-0.10241370
2024-03-20	-0.23922090	0.08756792	0.39212349	0.08644661	0.13662939	0.44176516	-0.05495169	-0.07416043	-0.10205150
2024-03-21	-0.25101651	0.08770124	0.40192365	0.10633342	0.25071046	0.43760554	-0.05151851	-0.06146337	-0.10020206
2024-03-22	-0.25641958	0.08495597	0.40154958	0.10851860	0.24883152	0.43987267	-0.05064493	-0.06841355	-0.10415480
2024-03-25	-0.24042525	0.08262868	0.40428126	0.10130531	0.27542906	0.43907126	-0.05428645	-0.06446340	-0.09961249
2024-03-26	-0.24248051	0.08201054	0.39950214	0.09641218	0.27334146	0.44704626	-0.05439914	-0.06680551	-0.10003867
2024-03-27	-0.23930537	0.07980408	0.41897142	0.06472093	0.27433021	0.45281650	-0.05720348	-0.04960725	-0.09890495
2024-03-28	-0.24240773	0.07985621	0.41303097	0.04750975	0.28350536	0.44963654	-0.05528671	-0.06587058	-0.09244394
2024-04-01	-0.24999265	0.07989708	0.45672315	0.02689351	0.38125465	0.44053072	-0.05077331	-0.05781020	-0.09010080
2024-04-02	-0.24748522	0.08056068	0.45799987	0.02190791	0.38950513	0.44290168	-0.05080428	-0.04915930	-0.09637638
2024-04-03	-0.24806175	0.08688200	0.47506364	0.00438172	0.39620164	0.43832412	-0.05413825	-0.04956085	-0.09874332
2024-04-04	-0.25012572	0.08735753	0.46469270	0.00853854	0.40020185	0.43908975	-0.05229039	-0.05164164	-0.08781249
2024-04-05	-0.24665381	0.08910210	0.46341432	0.01446021	0.40771735	0.44684348	-0.05196398	-0.05493106	-0.08861299
2024-04-08	-0.24857349	0.08679668	0.45939853	0.00895524	0.41245915	0.45320062	-0.04884169	-0.06084162	-0.08426663
2024-04-09	-0.25327405	0.08488531	0.46058476	0.01021745	0.40795497	0.45266824	-0.04596514	-0.05307786	-0.08228449
2024-04-10	-0.24747270	0.09803237	0.46340348	0.01261618	0.41828461	0.45860883	-0.04282447	-0.02065186	-0.07644726
2024-04-11	-0.23796000	0.10186172	0.47420136	0.01350549	0.41741880	0.45221319	-0.04072423	-0.04334735	-0.06654734
2024-04-12	-0.22589977	0.09416353	0.49733349	0.02438824	0.42535337	0.45624663	-0.04626142	-0.05737264	-0.07017980
2024-04-15	-0.22137951	0.09399953	0.50801028	0.04519479	0.42673680	0.45769626	-0.04538339	-0.06452760	-0.07088944
2024-04-16	-0.20715909	0.09029194	0.52141508	0.04926538	0.43022308	0.45708498	-0.04348789	-0.04260562	-0.06802137
2024-04-17	-0.21350857	0.08600351	0.50824532	0.05546839	0.44784488	0.46257638	-0.04209669	-0.05306785	-0.07090464
2024-04-18	-0.22350915	0.08624470	0.50622228	0.05662447	0.45772600	0.46531268	-0.04202724	-0.05733383	-0.06981214
2024-04-19	-0.22936197	0.09771064	0.47224595	0.07546046	0.48699782	0.51314124	-0.02875956	-0.04412347	-0.07693939
2024-04-22	-0.22790389	0.09600302	0.47623040	0.07461809	0.48480859	0.51260282	-0.02912413	-0.04622235	-0.08029501
2024-04-23	-0.22801707	0.09779888	0.47153004	0.07448129	0.48370425	0.51394624	-0.03102138	-0.05201278	-0.08132187
2024-04-24	-0.22623025	0.09998896	0.47185222	0.07567697	0.48198237	0.49836759	-0.03199123	-0.05425206	-0.07826882
2024-04-25	-0.21453972	0.00400079	0.50744649	0.09124260	0.46643093	0.53667615	-0.02947178	-0.05202450	-0.06685722
2024-04-26	-0.22368938	0.00348593	0.50674038	0.01989622	0.46867112	0.54891896	-0.02992342	-0.13510030	-0.02423138
2024-04-29	-0.21903264	-0.00017513	0.50632535	0.01340322	0.46145038	0.55237487	-0.02967109	-0.13885823	-0.02541240
2024-04-30	-0.22299862	-0.01218375	0.50784604	0.03981674	0.47028808	0.55640489	-0.02609868	-0.14297453	-0.03475772
2024-05-01	-0.23820578	-0.00833644	0.53100648	0.01388668	0.48153877	0.57858997	-0.03920655	-0.15078023	-0.03458998
2024-05-02	-0.24227812	0.02852477	0.52051263	0.01157372	0.47890995	0.59141016	-0.03927310	-0.18061115	-0.04001041
2024-05-03	-0.23585839	0.03812039	0.52485936	0.03519793	0.48069412	0.58325626	-0.04237420	-0.16342100	-0.04009631
2024-05-06	-0.23684656	0.03903650	0.53051976	0.04214163	0.48815911	0.57911535	-0.04224045	-0.16367946	-0.03885749
2024-05-07	-0.23668537	0.03353277	0.53179573	0.03148248	0.47992753	0.58037829	-0.04010902	-0.17391386	-0.03478254
2024-05-08	-0.24162401	0.02808632	0.55019959	0.02462050	0.48026880	0.58078403	-0.03875130	-0.19032606	-0.03554327
2024-05-09	-0.23339783	0.02256048	0.54045203	0.01628557	0.48229878	0.58339666	-0.04110570	-0.19015135	-0.03326864
2024-05-10	-0.23595955	0.02420222	0.53597963	0.00529574	0.48718018	0.58277556	-0.04240354	-0.19445430	-0.03387476
2024-05-13	-0.23666605	0.02447232	0.53499642	0.00475381	0.48820045	0.58309125	-0.04216788	-0.19505608	-0.03435770
2024-05-14	-0.23589861	0.02469204	0.52776355	0.00894452	0.48576483	0.57827464	-0.04120674	-0.19178039	-0.03490460
2024-05-15	-0.23620595	0.02696863	0.52349713	0.01312473	0.48702630	0.57963703	-0.04117473	-0.18880875	-0.03463506
2024-05-16	-0.23220057	0.02636139	0.52232281	0.01242550	0.48522859	0.57919197	-0.04161725	-0.18315941	-0.03456197
2024-05-17	-0.23225708	0.02057450	0.51464750	0.01182373	0.49376865	0.58869701	-0.04033062	-0.17997674	-0.02981991
2024-05-20	-0.23598753	0.00466196	0.51569792	0.05882374	0.48240751	0.58720254	-0.02429906	-0.18054724	-0.02888083
2024-05-21	-0.24397173	0.00487987	0.50456754	0.04732635	0.48949735	0.58881665	-0.01998531	-0.17169000	-0.02504933
2024-05-22	-0.24338430	0.00418215	0.49762027	0.05652318	0.48927170	0.58805386	-0.02024931	-0.16541533	-0.02552532
2024-05-23	-0.24190743	0.00401202	0.50520642	0.06227114	0.48712395	0.58705984	-0.02453718	-0.15656158	-0.02708628
2024-05-24	-0.24571231	0.00099623	0.51008495	0.06770671	0.48861111	0.58666850	-0.02482044	-0.16245960	-0.02784025
2024-05-28	-0.24610865	0.00100222	0.50943018	0.06667943	0.48835674	0.58645776	-0.02469724	-0.16217240	-0.02786232
2024-05-29	-0.24849094	0.00573742	0.46376009	0.07777939	0.48776456	0.58055028	-0.02224096	-0.17147792	-0.02469443
2024-05-30	-0.27807900	-0.00286865	0.39701847	0.14462848	0.42668704	0.55593050	-0.01636126	-0.18506376	-0.01960426
2024-05-31	-0.27923949	0.01446371	0.54179100	0.11974025	0.42674147	0.54075322	-0.01251052	-0.15990818	-0.02517225
2024-06-03	-0.28372143	0.01144603	0.55686397	0.11969509	0.42021777	0.52263840	-0.01128288	-0.17425144	-0.02349041
2024-06-04	-0.28517348	0.01289326	0.54211110	0.11959594	0.41897784	0.52222944	-0.01288207	-0.17246633	-0.02361807
2024-06-05	-0.28422538	0.00798775	0.52562743	0.12005978	0.42281538	0.52178759	-0.01376304	-0.18066878	-0.02288483
2024-06-06	-0.29665956	0.01470254	0.51910026	0.11726474	0.41968667	0.52543385	-0.03456773	-0.20193506	-0.02505938
2024-06-07	-0.29844846	0.01411646	0.52528303	0.11530758	0.41972878	0.52579267	-0.03271803	-0.20302469	-0.02175724
2024-06-10	-0.29808905	0.01455670	0.52536904	0.11403244	0.41901303	0.52686999	-0.03272332	-0.20244463	-0.02184261
2024-06-11	-0.28759066	0.01292103	0.54588946	0.13160828	0.42772600	0.53699088	-0.03267905	-0.19267880	-0.02445042
2024-06-12	-0.28373460	0.02109639	0.56284115	0.14026907	0.41486619	0.53712369	-0.03021695	-0.18429364	-0.01662484
2024-06-13	-0.28181685	0.02269800	0.56489721	0.13061101	0.41596676	0.53643958	-0.02408749	-0.21981901	-0.01629917
2024-06-14	-0.31036305	0.02296831	0.56643437	0.12697218	0.41829564	0.54096506	-0.02202110	-0.21233616	-0.01278465
2024-06-17	-0.28422065	-0.01302890	0.54042191	0.13035885	0.41701748	0.51990731	-0.01721479	-0.24743692	-0.00142813
2024-06-18	-0.28026437	-0.01228308	0.54676181	0.13237679	0.42201114	0.52197608	-0.01606062	-0.24556904	-0.00372525
2024-06-20	-0.27392924	-0.01231756	0.55062859	0.13520689	0.42090667	0.52115550	-0.01538429	-0.24406564	-0.00078094
2024-06-21	-0.27364348	-0.00755323	0.55577342	0.13746341	0.42481726	0.52452179	-0.01527106	-0.24693414	-0.00271014
2024-06-24	-0.27326601	-0.00372456	0.55447314	0.13758669	0.41124117	0.52195378	-0.01522035	-0.23727088	-0.00212630
2024-06-25	-0.26151995	-0.00230091	0.56046063	0.13370738	0.40766667	0.51378346	-0.01339160	-0.24580217	-0.00846001
2024-06-26	-0.26468633	-0.00418332	0.56225370	0.13484928	0.40784454	0.51683974	-0.01474499	-0.26074914	-0.00968851
2024-06-27	-0.24743977	-0.00343828	0.56028868	0.13817231	0.37158724	0.50290358	-0.01524217	-0.25917600	-0.00768651
2024-06-28	-0.25730316	-0.00849835	0.56898299	0.14132302	0.38096743	0.49551053	-0.01297611	-0.26620146	-0.00859358
2024-07-01	-0.25434079	-0.00700499	0.56073530	0.14329464	0.38497258	0.50313726	-0.00904869	-0.26955946	-0.00434318
2024-07-02	-0.25152354	-0.00837905	0.56149140	0.14640971	0.38514707	0.49590842	-0.00829018	-0.26332845	-0.00528352
2024-07-03	-0.25641314	-0.00998763	0.53446140	0.15020513	0.39022249	0.49874624	-0.01021900	-0.25932196	-0.01004546
2024-07-05	-0.25695978	-0.01033229	0.52899458	0.16142130	0.38556065	0.48341577	-0.01205688	-0.25204822	-0.00785506
2024-07-08	-0.25945168	-0.01396265	0.54682937	0.18763687	0.36686537	0.47719726	-0.01157843	-0.27861894	-0.00701447
2024-07-09	-0.24812643	-0.01121623	0.55124039	0.18518383	0.36447219	0.46343200	-0.00840056	-0.27156639	-0.00527385
2024-07-10	-0.24840916	-0.00996938	0.55446954	0.18159874	0.36553778	0.45972324	-0.00931888	-0.27400605	-0.00768517
2024-07-11	-0.26066868	-0.00755779	0.55575741	0.18324801	0.37822025	0.45911519	-0.01054401	-0.27880918	-0.01155526
2024-07-12	-0.25958404	-0.01017699	0.55815386	0.18253852	0.36199162	0.45798060	-0.00648894	-0.25228264	-0.01138627
2024-07-15	-0.26968941	-0.02693138	0.57847317	0.17053487	0.38984010	0.46736687	-0.00327886	-0.24148448	-0.02210255
2024-07-16	-0.27386049	-0.03200797	0.57280437	0.17013018	0.38616451	0.45795623	-0.00557619	-0.25005065	-0.02011724
2024-07-17	-0.28853263	-0.03674418	0.55606416	0.14116149	0.39147504	0.44469124	-0.00832906	-0.24155148	-0.03041418
2024-07-18	-0.28890754	-0.03580898	0.55612936	0.14207974	0.38994439	0.44592335	-0.00835218	-0.24111073	-0.03069134
2024-07-19	-0.28798961	-0.04061728	0.55849341	0.13702521	0.38844966	0.44060545	-0.00660355	-0.23754742	-0.03036440
2024-07-22	-0.30584271	-0.03702268	0.56413769	0.15112124	0.43261320	0.44747947	-0.00791273	-0.24850291	-0.03667965
2024-07-23	-0.31012672	-0.03973266	0.54832095	0.15255954	0.43415453	0.44666857	-0.00438700	-0.24774807	-0.03763484
2024-07-24	-0.30348355	-0.04071338	0.56300686	0.15477073	0.42562022	0.44650197	-0.01320174	-0.23792982	-0.03807726
2024-07-25	-0.30625628	-0.04686756	0.56596436	0.15711621	0.42898346	0.44548754	-0.01279314	-0.23757902	-0.02009617
2024-07-26	-0.30305509	-0.03829629	0.56130198	0.15421834	0.43058864	0.45151695	-0.00965097	-0.23370262	-0.01384271
2024-07-29	-0.30301796	-0.03802574	0.55817848	0.16145981	0.43005327	0.45202245	-0.00925573	-0.23602109	-0.01559567
2024-07-30	-0.30254301	-0.03599197	0.55072748	0.16085613	0.43221748	0.45635745	-0.00912574	-0.23186975	-0.01589754
2024-07-31	-0.29358861	-0.03666083	0.53169997	0.14908355	0.44135271	0.48269696	-0.01523966	-0.23638659	-0.01824486
2024-08-01	-0.29630357	-0.03891242	0.54019471	0.13430069	0.42478030	0.48766361	-0.01719570	-0.22834815	-0.01232091
2024-08-02	-0.29830535	-0.03590922	0.54317799	0.05861645	0.41326042	0.49693508	-0.01496857	-0.27848220	-0.00824881
2024-08-05	-0.30696175	-0.01078805	0.47451171	0.02289840	0.42519104	0.45011497	-0.01139112	-0.28928122	-0.04759764
2024-08-06	-0.30625061	-0.02151995	0.49366613	0.01851087	0.43268426	0.44674707	-0.01192008	-0.28841144	-0.04765325
2024-08-07	-0.27685647	-0.02275273	0.55675353	0.01140803	0.44693109	0.46629267	-0.02249844	-0.26212671	-0.05747876
2024-08-08	-0.27580453	-0.02164145	0.55725806	0.01994485	0.45366628	0.46869850	-0.02400019	-0.26301551	-0.05736282
2024-08-09	-0.32337596	-0.00690594	0.63102697	0.04903544	0.53784761	0.57629941	-0.02039171	-0.32356493	-0.08240317
2024-08-12	-0.31362280	-0.01923180	0.62405938	0.06432583	0.53090594	0.57979562	-0.01045716	-0.31441248	-0.07661116
2024-08-13	-0.32274446	-0.04304039	0.61179072	0.03154527	0.55624781	0.56007962	0.00362924	-0.32445187	-0.09158881
2024-08-14	-0.32847479	-0.04987927	0.60089712	0.04328927	0.54505280	0.55984712	0.00395231	-0.32292434	-0.05288695
2024-08-15	-0.32413812	-0.04486494	0.60909729	0.04439735	0.55380758	0.55362654	0.00098470	-0.32108472	-0.05204201
2024-08-16	-0.30876181	-0.05782843	0.64322383	0.06595477	0.56534416	0.55260621	-0.00646656	-0.31752031	-0.04974973
2024-08-19	-0.38482462	-0.04813668	0.69950914	0.07712726	0.57191408	0.55130830	-0.00906693	-0.33995611	-0.04057836
2024-08-20	-0.38241026	-0.05444331	0.70011181	0.08386224	0.57372113	0.55407719	-0.01094283	-0.33508840	-0.04514938
2024-08-21	-0.38191184	-0.05327117	0.70029568	0.08552924	0.57392657	0.55348646	-0.01202785	-0.33417405	-0.04399689
2024-08-22	-0.34901029	-0.05388758	0.69889853	0.12009735	0.58622791	0.47390664	-0.01405201	-0.33180807	-0.05483319
2024-08-23	-0.32547791	-0.05587844	0.73569247	0.13686939	0.61290548	0.47688065	-0.01417310	-0.34101606	-0.05286435
2024-08-26	-0.34702569	-0.06541438	0.72203223	0.12509556	0.60549072	0.48671897	-0.01111945	-0.36883377	-0.05440203
2024-08-27	-0.35042737	-0.06516611	0.72302825	0.12470227	0.61582668	0.48876190	-0.01056991	-0.37035079	-0.05360104
2024-08-28	-0.34599011	-0.05455755	0.71002101	0.12470426	0.62804116	0.48689226	-0.01416176	-0.36538186	-0.05447799
2024-08-29	-0.33278571	-0.05927822	0.72310689	0.16107544	0.66839984	0.44842234	0.00081905	-0.33230081	-0.04290946
2024-08-30	-0.33868160	-0.06049984	0.58022262	0.16423003	0.65993966	0.45104577	0.00060238	-0.33394521	-0.04452685
2024-09-03	-0.32931233	-0.07222306	0.63296373	0.11925269	0.66415840	0.41797409	-0.00145231	-0.32596090	-0.04760107
2024-09-04	-0.32135772	-0.06858421	0.63970115	0.14404574	0.65912099	0.35670872	0.00589832	-0.30561582	-0.04909142
2024-09-05	-0.29881367	-0.06877919	0.67311293	0.14646188	0.66896490	0.33130983	0.01720961	-0.29025758	-0.05052421
2024-09-06	-0.30611730	-0.07105258	0.68112713	0.12780011	0.66209451	0.32715925	0.01808873	-0.30270361	-0.03901950
2024-09-09	-0.31897110	-0.07341994	0.67056421	0.07923603	0.66138551	0.30643744	0.01843599	-0.28001470	-0.03061917
2024-09-10	-0.31080251	-0.07525610	0.69564348	0.09494279	0.65737248	0.31440030	0.01739098	-0.25065877	-0.02953007
2024-09-11	-0.30382248	-0.07504811	0.64099008	0.10313530	0.65117916	0.32582199	0.01302945	-0.23612273	-0.03166426
2024-09-12	-0.30619839	-0.07780816	0.64174097	0.10829476	0.66193382	0.32678741	0.01354640	-0.22783765	-0.03346212
2024-09-13	-0.34114450	-0.06799813	0.63441870	0.13572690	0.66493149	0.28286029	0.01490109	-0.23215823	-0.03054529
2024-09-16	-0.28273653	-0.07535084	0.61993439	0.11210994	0.66078686	0.27204342	0.01044950	-0.22030328	-0.03050834
2024-09-17	-0.28147263	-0.07633865	0.61924355	0.11178447	0.66065958	0.27189642	0.00936369	-0.21909570	-0.02737230
2024-09-18	-0.25448042	-0.09324877	0.66690994	0.11208958	0.68533583	0.26078851	0.01183803	-0.20542856	-0.02739511
2024-09-19	-0.26451327	-0.11275468	0.67818587	0.12291597	0.69494341	0.26543382	0.01152213	-0.20623834	-0.03210302
2024-09-20	-0.26070055	-0.12896285	0.67447543	0.14535136	0.53312796	0.25952892	0.01126284	-0.22223128	-0.02903986
2024-09-23	-0.25864594	-0.12941577	0.67384634	0.17438380	0.55781771	0.26951022	0.00325716	-0.22435167	-0.02719550
2024-09-24	-0.27713988	-0.15335619	0.68071631	0.21157878	0.47169865	0.22938737	0.01049933	-0.22571220	-0.02919814
2024-09-25	-0.27758363	-0.15197246	0.68674648	0.21688087	0.48102657	0.22286311	0.01031542	-0.22899034	-0.02851446
2024-09-26	-0.27035736	-0.16625040	0.66742567	0.22564715	0.42690672	0.22223293	0.00780310	-0.22516603	-0.01878942
2024-09-27	-0.26828157	-0.16609622	0.66371681	0.22715880	0.42578226	0.23186792	0.00804199	-0.22873539	-0.01855142
2024-09-30	-0.26421614	-0.16951006	0.64444010	0.22359608	0.40678718	0.25241676	0.00944476	-0.22304562	-0.02349733
2024-10-01	-0.27534247	-0.16347477	0.63258410	0.23285165	0.41114694	0.25284120	0.00885645	-0.19224157	-0.02655106
2024-10-02	-0.27384537	-0.16203103	0.59426832	0.24304801	0.38672040	0.25539752	0.01385297	-0.19778582	-0.02714882
2024-10-03	-0.28018668	-0.16432285	0.60564772	0.24878090	0.38770647	0.25823706	0.01211859	-0.19712689	-0.03080004
2024-10-04	-0.28827454	-0.15840237	0.61101383	0.23568954	0.38238990	0.25513254	0.01294357	-0.19508479	-0.03807588
2024-10-07	-0.31901854	-0.13537668	0.58875706	0.24729450	0.38946237	0.27801416	0.01062623	-0.19196780	-0.05822912
2024-10-08	-0.31521017	-0.08817977	0.58265928	0.19168049	0.41487027	0.29098326	0.00885600	-0.18208451	-0.07842794
2024-10-09	-0.31795911	-0.08643437	0.57794490	0.18418065	0.40264030	0.28231425	0.00898435	-0.17449182	-0.07744930
2024-10-10	-0.33551302	-0.08931770	0.55356006	0.18659600	0.40570009	0.27280250	0.00484475	-0.15131937	-0.08330214
2024-10-11	-0.34334929	-0.08759621	0.53709147	0.18081407	0.39674858	0.26496937	0.01058181	-0.16033776	-0.08237001
2024-10-14	-0.35869321	-0.07791203	0.52993758	0.16366768	0.39247848	0.27052620	0.00751818	-0.15776255	-0.08449407
2024-10-15	-0.37413672	-0.06977568	0.51152469	0.15379123	0.38690716	0.28188069	0.01121172	-0.15633989	-0.09453444
2024-10-16	-0.37741389	-0.06784814	0.52115036	0.15103413	0.38189618	0.28361434	0.01094421	-0.15703061	-0.09334120
2024-10-17	-0.38188004	-0.06276324	0.52860667	0.15751500	0.39622973	0.27555170	0.01367183	-0.15558249	-0.08871048
2024-10-18	-0.38429378	-0.07812933	0.62001986	0.13563945	0.38480300	0.19883916	0.00590105	-0.17993828	-0.06839882
2024-10-21	-0.38247906	-0.07965643	0.62452181	0.13748703	0.38589845	0.18897547	0.00471665	-0.18200138	-0.06411353
2024-10-22	-0.37835370	-0.07654311	0.63493000	0.14608873	0.38826298	0.18619189	0.00516133	-0.18246739	-0.06342548
2024-10-23	-0.38427833	-0.08860832	0.64165624	0.14680514	0.39679447	0.20695167	0.00639094	-0.18399048	-0.07587552
2024-10-24	-0.39697642	0.02264831	0.59537271	0.08544735	0.41687079	0.15844143	0.00488638	-0.20716886	-0.09309580
2024-10-25	-0.40158247	0.01169089	0.61091985	0.14354293	0.40827639	0.14219975	0.00650529	-0.15814388	-0.08954147
2024-10-28	-0.39897736	0.01286159	0.59972879	0.14851835	0.40964751	0.14196540	0.00724159	-0.15363584	-0.08577142
2024-10-29	-0.39526147	0.02725277	0.59761330	0.14253545	0.39877341	0.13525239	0.00401661	-0.14706978	-0.08491336
2024-10-30	-0.39750377	0.05044783	0.30993472	0.15051571	0.41914712	0.07610953	0.02960433	-0.19110082	-0.04164225
2024-10-31	-0.39339671	0.05312714	0.31412160	0.15802912	0.42118138	0.08036749	0.02575439	-0.18015965	-0.03704952
2024-11-01	-0.39318934	0.04504548	0.24799819	0.07474910	0.40685307	0.07338882	0.02703085	-0.35683481	-0.03011574
2024-11-04	-0.40086602	0.04529324	0.24628651	0.09643974	0.37437739	0.05776732	0.02649836	-0.33124035	-0.03896626
2024-11-05	-0.38659020	0.04765532	0.24392520	0.11123063	0.41232928	0.03996283	0.02078106	-0.32294206	-0.03752836
2024-11-06	-0.40527363	-0.00879788	0.23482017	0.15633406	0.41589189	0.01139229	0.00642565	-0.28828622	-0.03168097
2024-11-07	-0.41096688	-0.00945695	0.23501235	0.16341034	0.41519846	0.00440708	0.00879123	-0.28441983	-0.02645372
2024-11-08	-0.39055890	0.05013982	0.26930301	0.17145585	0.39431026	0.01355275	0.00248569	-0.29004317	-0.04452161
2024-11-11	-0.39231593	0.04958331	0.26034056	0.18467161	0.39689341	0.00691663	0.00350808	-0.29173667	-0.04411451
2024-11-12	-0.41182387	0.04630298	0.26113613	0.19905340	0.42943473	0.00478270	0.00421568	-0.30018948	-0.04513846
2024-11-13	-0.41156322	0.05576646	0.23308377	0.20220554	0.44002981	0.00699045	0.00189981	-0.30074292	-0.03911431
2024-11-14	-0.41186577	0.06210753	0.23169685	0.20196954	0.44380307	0.00938977	-0.00136588	-0.30517274	-0.04331488
2024-11-15	-0.47009780	0.05744281	0.22679465	0.19576827	0.42721362	0.02913715	0.03628486	-0.33789012	-0.07265128
2024-11-18	-0.48413538	0.07386201	0.23211652	0.20145326	0.43828723	0.02356143	0.03801646	-0.35424926	-0.07655522
2024-11-19	-0.46071186	0.06665949	0.19805669	0.15405767	0.42587816	0.04222055	0.03309446	-0.31597462	-0.06297723
2024-11-20	-0.45859559	0.06455646	0.20256953	0.15357887	0.41327945	0.04430572	0.02799786	-0.31260911	-0.05857680
2024-11-21	-0.44148563	0.06762082	0.23290022	0.15410885	0.43326961	0.04581252	0.02773438	-0.28340337	-0.05159245
2024-11-22	-0.41648332	0.08209023	0.22741060	0.13868901	0.42345988	0.02136393	0.03674002	-0.25583127	-0.04158908
2024-11-25	-0.40016249	0.08400602	0.22756421	0.14072169	0.42866903	-0.01625923	0.03895191	-0.25641974	-0.03142527
2024-11-26	-0.39809920	0.06828774	0.33161818	0.17428370	0.45338320	0.00425607	0.03125676	-0.24655174	-0.03656666
2024-11-27	-0.36369513	0.08661629	0.34072894	0.10003656	0.48989546	0.03180699	0.02402992	-0.24659795	-0.05827209
2024-11-29	-0.36683482	0.06369154	0.20984310	0.11459581	0.48799859	0.01887815	0.02471213	-0.25173278	-0.04028164
2024-12-02	-0.34668822	0.05534072	0.15193312	0.08683436	0.43411788	0.02505020	0.03145853	-0.21675682	-0.04752058
2024-12-03	-0.34481196	0.05369950	0.17428971	0.07531167	0.43680871	0.03335347	0.03172850	-0.23617951	-0.04264472
2024-12-04	-0.35288851	0.05736942	0.19168901	0.09233661	0.41692051	0.01643380	0.03256654	-0.22286932	-0.03791667
2024-12-05	-0.35115585	0.05786771	0.18401927	0.07175709	0.40618346	0.01666386	0.03414823	-0.22699264	-0.04113479
2024-12-06	-0.34865055	0.06078571	0.17684883	0.07486230	0.40760290	0.01403982	0.03339115	-0.22718760	-0.04641258
2024-12-09	-0.34180470	0.05464684	0.16176419	0.07106423	0.39242826	0.00905100	0.03983126	-0.21674173	-0.04176557
2024-12-10	-0.35883089	0.06279480	0.14241503	0.05874778	0.36711279	-0.04164690	0.04388783	-0.22240086	-0.03616275
2024-12-11	-0.36487932	0.05997121	0.13088557	0.04834767	0.36263008	-0.04338268	0.04529996	-0.23073655	-0.04011285
2024-12-12	-0.44371591	0.04909236	0.11747850	0.07029079	0.34721309	-0.06473776	0.03677276	-0.18983655	-0.04394764
2024-12-13	-0.36809767	0.05815051	0.08595161	0.03555761	0.39307737	-0.12079646	0.03947820	-0.16363173	-0.05000975
2024-12-16	-0.32304731	0.05988648	0.07452107	0.02636722	0.31621811	-0.07657858	0.03491265	-0.10505260	-0.04043433
2024-12-17	-0.32696109	0.05304624	0.02000436	0.03709025	0.26027176	-0.10707717	0.03388656	-0.05947320	-0.03580492
2024-12-18	-0.32457834	0.05616368	0.02013396	0.04226020	0.25942036	-0.10404465	0.03464984	-0.06284709	-0.03627191
2024-12-19	-0.30796159	0.05714376	0.00418812	0.05740677	0.27176387	-0.13074550	0.03626837	-0.05530513	-0.03166127
2024-12-20	-0.30876074	0.05903861	0.01216096	0.04975739	0.24656171	-0.11464495	0.04150950	-0.06470314	-0.03558867
2024-12-23	-0.32279222	0.06365902	0.01993899	0.04320916	0.22626948	-0.05474772	0.04154967	-0.07631686	-0.04258859
2024-12-24	-0.32498056	0.06230931	0.01406976	0.04004506	0.22707642	-0.05462862	0.04304159	-0.06961116	-0.04126810
2024-12-26	-0.34780057	0.06296406	0.00628641	0.03703857	0.26456407	-0.04425910	0.04068758	-0.05009504	-0.04352086
2024-12-27	-0.34200429	0.06351844	0.00372219	0.04178076	0.26194039	-0.04797461	0.04025119	-0.04415616	-0.04344489
2024-12-30	-0.34219559	0.06515877	0.02009738	0.03860830	0.26286109	-0.05128859	0.03759263	-0.04001711	-0.04832263
2024-12-31	-0.34855941	0.07633989	0.02272826	0.05239829	0.26338842	-0.05055161	0.03745105	-0.05348125	-0.04497731
2025-01-02	-0.34682165	0.07359909	0.03419809	0.06695844	0.28783305	-0.04288382	0.03299719	-0.05824372	-0.04687950
2025-01-03	-0.37385305	0.07088571	0.04563041	0.05663479	0.30435439	-0.03572054	0.03472565	-0.06071258	-0.04473245
2025-01-06	-0.37123740	0.07053024	0.04446469	-0.01895189	0.38362640	-0.03209494	0.02098695	-0.04096195	-0.04514626
2025-01-07	-0.37464266	0.06742260	0.04060740	-0.01179239	0.37937284	-0.03241465	0.01981011	-0.04754851	-0.04816849
2025-01-08	-0.36882504	0.07359556	0.05054517	-0.01310868	0.37236985	-0.02705307	0.01755737	-0.04119770	-0.05486584
2025-01-10	-0.37892216	0.06828636	0.05063338	-0.00203136	0.40774885	-0.01517516	0.00980122	-0.02184549	-0.05090534
2025-01-13	-0.37843392	0.06923599	0.03838866	0.00188077	0.40351968	-0.01367626	0.01121645	-0.02492212	-0.04807041
2025-01-14	-0.36743345	0.08469870	0.02019624	-0.00675675	0.39731973	-0.01975024	0.01136576	-0.01880679	-0.04317487
2025-01-15	-0.36538532	0.08533117	0.04507938	0.00560586	0.38912067	-0.02189158	0.00166540	-0.00964952	-0.04851710
2025-01-16	-0.32336404	0.08410564	0.04674150	0.03477581	0.38009008	-0.01761954	-0.00602988	0.00342905	-0.02717525
2025-01-17	-0.32253007	0.08424420	0.05181052	0.02815506	0.37712405	-0.01720446	-0.00590972	0.00808313	-0.02689343
2025-01-21	-0.32113995	0.08503429	0.04162834	0.04012588	0.38357742	-0.01933939	-0.00685566	0.00498796	-0.02724180
2025-01-22	-0.32620184	0.07813583	0.03820241	0.02859849	0.35820880	-0.02675752	0.00287701	-0.01368791	-0.02883551
2025-01-23	-0.32186203	0.07665803	0.04859889	0.03594554	0.37790590	-0.02409283	0.00163490	-0.01149620	-0.01528288
2025-01-24	-0.32106094	0.08038267	0.02261752	0.05872625	0.40246024	-0.03413813	-0.00024440	-0.02432696	-0.00672771
2025-01-27	-0.31370868	0.11975525	0.08929673	0.06073143	0.47643725	0.02939071	0.00426633	-0.04195112	-0.08973901
2025-01-28	-0.30456935	0.11494366	0.15543466	0.11081968	0.55265781	-0.00187913	0.00522075	-0.04207702	-0.09726462
2025-01-29	-0.29328260	0.12465247	0.18230932	0.11935005	0.55898165	-0.01877826	-0.00011725	-0.04828969	-0.11259365
2025-01-30	-0.27866943	0.06749226	0.19518279	0.13734802	0.60197430	-0.02313451	0.00840290	-0.07082704	-0.05468579
2025-01-31	-0.29145637	0.07341951	0.19411251	0.13098954	0.58652707	-0.03398422	0.00586498	-0.00694613	-0.06170547
2025-02-03	-0.29197300	0.07119444	0.20306904	0.12988881	0.58830175	-0.03226553	0.00817279	-0.00728557	-0.05624129
2025-02-04	-0.29574310	0.06698201	0.19402995	0.02687420	0.55828661	-0.02787722	0.01791582	-0.06719720	-0.04849887
2025-02-05	-0.30237584	0.04509124	0.19118107	0.02299633	0.56524220	-0.01979568	0.01806988	-0.06947741	-0.02621872
2025-02-06	-0.30180134	0.05276735	0.19475223	0.01914019	0.57250033	-0.01699992	0.01538283	-0.06851951	-0.02705034
2025-02-07	-0.30154481	0.05655813	0.16627261	0.00973835	0.58308285	-0.02125212	0.01928548	-0.07317398	-0.02098314
2025-02-10	-0.28109923	0.04974172	0.19501573	0.00439336	0.58724111	-0.02071701	0.01481931	-0.04976557	-0.01697063
2025-02-11	-0.28528858	0.05935069	0.20442094	-0.02775085	0.60144239	-0.02393943	0.01192186	-0.04608279	-0.02219732
2025-02-12	-0.29299566	0.07003003	0.20369810	-0.08519401	0.62208312	-0.01518470	0.00318402	-0.04151111	-0.02772361
2025-02-13	-0.28585784	0.06938581	0.22395775	-0.10692957	0.60423973	-0.01528852	0.00430536	-0.03100069	-0.02838634
2025-02-14	-0.28682872	0.06963026	0.22225979	-0.10270191	0.60059790	-0.01308050	0.00084414	-0.03220067	-0.02819425
2025-02-18	-0.28338782	0.06401875	0.24094898	-0.02389026	0.62146799	-0.01565438	0.01117660	-0.03705807	-0.02978848
2025-02-19	-0.27876272	0.06610056	0.23877661	-0.00582394	0.62455349	-0.01452543	0.01156621	-0.02193909	-0.02951356
2025-02-20	-0.27587955	0.06416898	0.22687487	-0.01014966	0.61358452	-0.01040185	0.01003688	-0.01695192	-0.03065671
2025-02-21	-0.27772472	0.06782961	0.23115226	-0.01977665	0.61769462	-0.00993884	0.01086469	-0.02938051	-0.02593132
2025-02-24	-0.27726369	0.06766817	0.23847229	-0.00290093	0.61494987	-0.01078267	0.00984623	-0.03642587	-0.03047680
2025-02-25	-0.28156850	0.06586064	0.23927546	0.01354053	0.61122143	-0.00709218	0.01118928	-0.04309048	-0.03301572
2025-02-26	-0.28101484	0.06716912	0.24438902	0.01777757	0.60075541	-0.00741710	0.01465367	-0.03732682	-0.03669518
2025-02-27	-0.27772563	0.07331731	0.26419286	0.01011721	0.59530662	-0.00789935	0.01438025	-0.00728268	-0.04096690
2025-02-28	-0.27471332	0.07568945	0.27427355	0.00835069	0.58914375	-0.00849994	0.01436235	-0.00825547	-0.04205723
2025-03-03	-0.28509030	0.07584664	0.29484313	0.00981451	0.57685532	0.00073296	0.01684816	0.00349861	-0.04553202
2025-03-04	-0.30592295	0.07669454	0.29255156	-0.02241109	0.57135325	0.01044605	0.00719788	-0.01586813	-0.04370748
2025-03-05	-0.30637015	0.07639684	0.28588658	-0.05499692	0.57596396	0.01243493	0.00782134	-0.01027753	-0.04386148
2025-03-06	-0.32293643	0.07546347	0.27470681	-0.05135478	0.58751969	0.01484086	0.00769613	0.01393390	-0.03258305
2025-03-07	-0.31628552	0.07423196	0.25214969	-0.07316976	0.59472855	0.00513260	0.01255308	-0.00983890	-0.02938940
2025-03-10	-0.31939332	0.07512509	0.25731219	-0.06676779	0.59550501	0.01190102	0.01319810	-0.02085927	-0.02883290
2025-03-11	-0.30869257	0.08886652	0.25006026	-0.05140386	0.60891717	0.01080131	0.00994828	-0.00214955	-0.04494070
2025-03-12	-0.31838976	0.08620324	0.23084585	-0.04278323	0.63199378	0.00865267	0.01576869	0.03501647	-0.04450522
2025-03-13	-0.34027286	0.08604830	0.22614325	-0.02672859	0.62607671	0.00938609	0.02006643	0.01707320	-0.04478491
2025-03-14	-0.34243953	0.08577831	0.22271061	-0.02444680	0.62349661	0.01072443	0.01980367	0.01626092	-0.04445000
2025-03-17	-0.33854574	0.08232281	0.23020650	-0.00567598	0.61429928	0.00293547	0.01598149	0.01155819	-0.04260159
2025-03-18	-0.33893605	0.08322288	0.22983318	-0.00906638	0.61416820	0.00373674	0.01584879	0.00742392	-0.04134689
2025-03-19	-0.33325730	0.08520054	0.22553965	-0.00740857	0.61813104	0.00389868	0.01373615	0.00370696	-0.04080268
2025-03-20	-0.32500239	0.08515820	0.23194383	-0.00738101	0.62730315	0.00875777	0.01403850	-0.00683740	-0.04284712
2025-03-21	-0.32265215	0.08369343	0.23020731	-0.00220296	0.63089029	0.00842256	0.01633901	-0.01459979	-0.04130188
2025-03-24	-0.32040352	0.09004210	0.22573053	-0.01312848	0.62115805	0.01285589	0.01244043	-0.02286678	-0.04144436
2025-03-25	-0.32897764	0.08313584	0.21966747	-0.03350741	0.61369883	0.01553193	0.01384592	-0.01582003	-0.03875815
2025-03-26	-0.33865941	0.08336380	0.20765814	-0.04968750	0.56566971	0.01607412	0.01844475	-0.01648913	-0.05233680
2025-03-27	-0.33716989	0.10559680	0.17793970	-0.06820738	0.54759512	0.02000082	0.02034454	0.00547184	-0.05730425
2025-03-28	-0.33931065	0.10501994	0.18502988	-0.06221393	0.55025280	0.02229563	0.02032347	0.00098892	-0.05830796
2025-03-31	-0.35220735	0.12076576	0.20515365	-0.08597392	0.64006679	0.00417514	0.02424704	0.00050802	-0.06798611
2025-04-01	-0.35325505	0.12244331	0.21713397	-0.08927932	0.64855372	0.00444037	0.02352406	0.00484118	-0.06769303
2025-04-02	-0.35270334	0.12129755	0.21558761	-0.09200668	0.64190378	0.00253352	0.02319128	0.00167855	-0.06589469
2025-04-03	-0.35091106	0.11201498	0.24963604	-0.15861010	0.63891072	-0.01826745	0.02596606	-0.01197149	-0.07770147
2025-04-04	-0.35038861	0.10305632	0.23067376	-0.14300046	0.65974096	-0.01775077	0.03524004	-0.04771128	-0.07022012
2025-04-07	-0.35934413	0.08764267	0.25915719	-0.17000840	0.68027759	-0.00811508	0.02702780	-0.06096166	-0.09250228
2025-04-08	-0.35347871	0.08739103	0.26265586	-0.18204798	0.68013337	-0.00854422	0.02757845	-0.05805696	-0.09281223
2025-04-09	-0.34064390	0.08271912	0.27444318	-0.17760671	0.68409284	-0.01400989	0.02668834	-0.05881545	-0.08547727
2025-04-10	-0.33229697	0.05478540	0.28833916	-0.14128324	0.67693411	-0.02196862	0.02831671	-0.08330674	-0.08117103
2025-04-11	-0.32953995	0.05026235	0.28962901	-0.13729210	0.68640159	-0.01930858	0.02700595	-0.09336846	-0.08527991
2025-04-14	-0.31767805	0.04860565	0.28415838	-0.14483799	0.69785010	-0.00629325	0.02976842	-0.07786333	-0.08849977
2025-04-15	-0.31366945	0.04966668	0.28307522	-0.13589027	0.70656912	0.00175674	0.02658348	-0.08386044	-0.08840224
2025-04-16	-0.30061898	0.03699816	0.28230701	-0.14190026	0.71184102	-0.00603399	0.02793651	-0.06412911	-0.08697610
2025-04-17	-0.28769989	0.03139358	0.30206246	-0.14989558	0.70989903	-0.01331777	0.02766874	-0.07403090	-0.07907820
2025-04-21	-0.29095849	0.03101697	0.30384470	-0.15307187	0.71871119	-0.01007152	0.03028524	-0.06692986	-0.07938697
2025-04-22	-0.28817639	0.02909531	0.29958486	-0.15384207	0.71466385	-0.01166305	0.02776278	-0.06639937	-0.08078539
2025-04-23	-0.29245973	0.03148834	0.29121602	-0.15156591	0.71279256	-0.01319897	0.02641846	-0.06563351	-0.08774376
2025-04-24	-0.28705802	0.03813381	0.29155731	-0.15145953	0.70976662	-0.00433787	0.02657230	-0.06602703	-0.09309694
2025-04-25	-0.29021273	0.03648517	0.28839776	-0.13948919	0.70418899	-0.00768857	0.02428191	-0.06430935	-0.09448039
2025-04-28	-0.28935662	0.03722324	0.28702619	-0.13410636	0.70630045	-0.00809029	0.02408391	-0.06280750	-0.09511036
2025-04-29	-0.29051371	0.03777625	0.29060465	-0.12651552	0.71579334	-0.00532833	0.02720686	-0.05496271	-0.09061994
2025-04-30	-0.29571156	0.03117280	0.29797140	-0.11918903	0.71085275	-0.00032963	0.03025482	-0.05127605	-0.09436384
2025-05-01	-0.29683397	0.03216161	0.29643464	-0.11812257	0.71008747	0.00005150	0.02946372	-0.05219999	-0.09495359
2025-05-02	-0.29140877	0.03481811	0.29095691	-0.11169188	0.70797421	-0.00441054	0.02976261	-0.13139033	-0.08092553
2025-05-05	-0.29110610	0.00106108	0.41707189	-0.13203537	0.72220770	0.01945212	0.03026264	-0.11964942	-0.11153940
2025-05-06	-0.29597874	0.00039048	0.41566205	-0.13022304	0.71579122	0.02039187	0.03074587	-0.13601461	-0.11288000
2025-05-07	-0.30018311	0.01472397	0.47698218	-0.03528507	0.71339405	0.02286474	0.03108761	0.07267048	-0.12469962
2025-05-08	-0.29430503	0.01136157	0.48773327	-0.04957325	0.73582540	0.01829014	0.02784666	0.06713501	-0.11443538
2025-05-09	-0.30004674	0.01484388	0.48623056	-0.08106785	0.74033101	0.01230589	0.03089640	0.08288436	-0.11874303
2025-05-12	-0.30344032	0.04380324	0.45919412	-0.03741362	0.73562332	0.06047467	0.03104353	0.04652676	-0.13275238
2025-05-13	-0.29956349	0.06033182	0.45704752	-0.05176185	0.72982464	0.06798389	0.03291240	0.04847244	-0.14465278
2025-05-14	-0.30377109	0.02384074	0.47693569	-0.06584277	0.71485074	0.07985980	0.04025697	0.03073864	-0.13632588
2025-05-15	-0.31284819	0.03897020	0.47941997	-0.08065875	0.69332683	0.10966924	0.03354618	0.03302179	-0.15444108
2025-05-16	-0.26703696	0.04227551	0.48423595	-0.11202307	0.67977051	0.11074971	0.03087861	0.04535940	-0.15194242
2025-05-19	-0.26850585	0.04014806	0.47629039	-0.10691080	0.66420864	0.11057374	0.02817921	0.06283505	-0.15296078
2025-05-20	-0.26071959	0.04572794	0.47706452	-0.10127094	0.66555264	0.11209878	0.02918403	0.06694641	-0.15976205
2025-05-21	-0.22110762	0.04486538	0.48887476	-0.05045765	0.71079529	0.08578473	-0.00816342	0.09542614	-0.12871279
2025-05-22	-0.21286333	0.04048694	0.46581894	-0.06221330	0.71242723	0.08534485	-0.00791899	0.11306009	-0.13340163
2025-05-23	-0.21218286	0.04476244	0.49099948	-0.04984715	0.74032307	0.08370834	-0.00736674	0.06904483	-0.14690293
2025-05-27	-0.21542435	0.04252380	0.48489355	-0.05210593	0.75339576	0.08217379	-0.00126527	0.06562205	-0.14919586
2025-05-28	-0.21906457	0.04210993	0.48359415	-0.05150465	0.75105646	0.09047381	-0.00210012	0.05424541	-0.15312371
2025-05-29	-0.22779735	0.03755950	0.46387594	-0.03485974	0.76119909	0.08320763	-0.01805018	0.07193403	-0.16107952
2025-05-30	-0.23197191	0.03510983	0.47375075	-0.04887612	0.76137085	0.10313960	-0.01917206	0.07815033	-0.17400263
2025-06-02	-0.22961657	0.04749685	0.47852801	-0.05906943	0.77124857	0.10047139	-0.01645493	0.08306112	-0.17498714
2025-06-03	-0.22048390	0.04995799	0.55654616	-0.04191712	0.79321789	0.09115265	-0.01669216	0.07187998	-0.17911559
2025-06-04	-0.22092530	0.04962435	0.57135353	-0.02810401	0.79378616	0.08624681	-0.02002964	0.07759860	-0.18240808
2025-06-05	-0.22310415	0.06610367	0.66095343	-0.04420834	0.80382680	0.10225178	-0.01819403	0.05213784	-0.19099185
2025-06-06	-0.22492096	0.06588943	0.65993114	-0.05163802	0.80387902	0.10359476	-0.01987378	0.04168677	-0.19221433
2025-06-09	-0.21401446	0.07354638	0.64359007	-0.06850268	0.80006875	0.10978566	-0.02206864	0.05002753	-0.19318978
2025-06-10	-0.22231157	0.06997020	0.63830064	-0.03504966	0.80892922	0.10977899	-0.02159167	0.06214912	-0.18789678
2025-06-11	-0.22749273	0.07420662	0.63675328	-0.06311436	0.81516385	0.10889365	-0.02027337	0.04878844	-0.18916701
2025-06-12	-0.23226597	0.07713495	0.63156847	-0.06985171	0.82990546	0.10818395	-0.02804248	0.05485286	-0.19202960
2025-06-13	-0.22909794	0.07621651	0.63546537	-0.07114861	0.82880274	0.10513068	-0.02668038	0.05672338	-0.19292677
2025-06-16	-0.22004839	0.08009638	0.64144193	-0.06043886	0.83687232	0.10442724	-0.02500598	0.05600461	-0.19669331
2025-06-17	-0.13751178	0.08818579	0.62329517	-0.08503218	0.84983626	0.10736205	-0.02091650	0.03959362	-0.19655917
2025-06-18	-0.11298392	0.08765960	0.68479628	-0.05950044	0.81440673	0.18729865	-0.03030757	0.06060943	-0.19586604
2025-06-20	-0.14738596	0.08952011	0.69755457	-0.00096285	0.90567238	0.16914038	-0.01950358	-0.02338379	-0.20814806
2025-06-23	-0.15205506	0.09041596	0.72455893	-0.03497834	0.94237852	0.18991244	-0.02419619	-0.03610652	-0.21639576
2025-06-24	-0.15524754	0.09593712	0.70853245	-0.00176286	0.93390367	0.18327677	-0.02414214	-0.02290990	-0.21240624
2025-06-25	-0.15498159	0.09622321	0.70627331	-0.01185369	0.83970374	0.18473281	-0.01811512	-0.01460241	-0.22265414
2025-06-26	-0.15638103	0.10438271	0.72479189	-0.01767511	0.81590124	0.18312836	-0.01975267	-0.01668102	-0.22933236
2025-06-27	-0.15639495	0.10653311	0.72151089	-0.02258505	0.82133042	0.18222050	-0.02004920	-0.01662771	-0.22591423
2025-06-30	-0.15434726	0.10420207	0.73513658	-0.00997379	0.84519749	0.19392455	-0.01688964	-0.01662338	-0.22574543
2025-07-01	-0.15532726	0.10047064	0.73802595	-0.00193118	0.85828838	0.18715588	-0.01203637	-0.04127034	-0.22648467
2025-07-02	-0.13493228	0.09691027	0.74376921	0.02528173	0.86626671	0.17579802	-0.01197537	-0.02965451	-0.22200980
2025-07-03	-0.12619660	0.10554530	0.73275305	-0.00279251	0.86808248	0.17676069	-0.01235243	-0.03525229	-0.23098867
2025-07-07	-0.12943075	0.10988820	0.71418934	-0.00043141	0.86627702	0.18345470	-0.01074487	-0.05568106	-0.22299990
2025-07-08	-0.12812177	0.11052288	0.71120123	-0.00287906	0.84981205	0.17662070	-0.00871568	-0.06004401	-0.22162232
2025-07-09	-0.09545742	0.11025226	0.71732067	-0.00337674	0.85974947	0.17245442	-0.00937083	-0.07218228	-0.22657104
2025-07-10	-0.10224355	0.10775560	0.70576514	0.07091896	0.78889162	0.18076699	0.00459132	-0.15110127	-0.23374142
2025-07-11	-0.11080989	0.11039534	0.70494276	0.04988395	0.77940044	0.19704042	-0.00422066	-0.19587271	-0.23643683
2025-07-14	-0.11675300	0.10575275	0.70627063	0.05897168	0.78280791	0.19434345	0.00091397	-0.19632245	-0.23475546
2025-07-15	-0.08814809	0.13405949	0.73008807	0.05041603	0.72321515	0.18914148	0.01506362	-0.25299170	-0.25342731
2025-07-16	-0.08189322	0.10710489	0.76590510	0.06217148	0.77150421	0.17823879	0.00991171	-0.24301999	-0.24686883
2025-07-17	-0.08542699	0.10071568	0.77276134	0.06143953	0.77028902	0.17953577	0.00676627	-0.25211606	-0.24000878
2025-07-18	-0.08963758	0.10267677	0.73265951	0.07362362	0.79637310	0.19229525	0.01305014	-0.28214807	-0.24003781
2025-07-21	-0.14490535	0.09986437	0.73961623	0.08949318	0.82535921	0.19456966	0.01799510	-0.33312910	-0.25614984
2025-07-22	-0.13642785	0.10275378	0.71074963	0.09135504	0.80311450	0.19494550	0.02206350	-0.30888769	-0.25240780
2025-07-23	-0.14793302	0.10726336	0.71258989	0.11826495	0.79503660	0.21630451	0.02318777	-0.28610615	-0.25141589
2025-07-24	-0.14695413	0.11463982	0.71993018	0.10193925	0.79698399	0.22007528	0.02534788	-0.29059162	-0.24587663
2025-07-25	-0.15267964	0.12382773	0.73024846	-0.00882611	0.76715372	0.20926421	0.02484329	-0.25661198	-0.26292145
2025-07-28	-0.15449770	0.11556443	0.72871836	0.01918519	0.75514338	0.21464015	0.03797270	-0.26962877	-0.26348891
2025-07-29	-0.10703080	0.06756099	0.75234114	-0.10608393	0.71691467	0.19990154	0.04379280	-0.19137265	-0.20177328
2025-07-30	-0.12116308	0.07693737	0.65699406	-0.15523705	0.61009926	0.26562519	0.03858269	-0.22337655	-0.21492623
2025-07-31	-0.11037731	0.03388091	0.59321316	-0.25650345	0.58843157	0.31573846	0.05441520	-0.17558502	-0.14079606
2025-08-01	-0.13533240	0.17705094	0.59183494	-0.32804691	0.51260453	0.33144389	0.06326819	-0.13170383	-0.28559365
2025-08-04	-0.06771246	0.18420415	0.61471231	-0.31483242	0.50981954	0.36003076	0.06026240	-0.34391449	-0.29015242
2025-08-05	-0.06338938	0.17877080	0.61467022	-0.30068311	0.51925419	0.36119863	0.06225479	-0.33603602	-0.28197625
2025-08-06	-0.08938483	0.21199730	0.67134854	-0.34599548	0.54863819	0.37819611	0.04791884	-0.30364872	-0.28736449
2025-08-07	-0.11234712	0.18609708	0.70919940	-0.39856180	0.56001705	0.35749022	0.03941006	-0.36882577	-0.27803195
2025-08-08	-0.11017866	0.16531164	0.70752703	-0.39505979	0.55916749	0.33901501	0.04740316	-0.38249308	-0.27176037
2025-08-11	-0.12373222	0.15301548	0.72023680	-0.34415682	0.60631583	0.34545248	0.05639229	-0.41890271	-0.26324086
2025-08-12	-0.17033124	0.17020956	0.68910417	-0.39261570	0.59185289	0.35628733	0.07246082	-0.44669286	-0.27400359
2025-08-13	-0.17769587	0.17980057	0.70065598	-0.34378126	0.59201691	0.35766282	0.06840389	-0.46670507	-0.27418357
2025-08-14	-0.15578030	0.15259578	0.76590192	-0.24373290	0.57395659	0.33907942	0.07660257	-0.44955910	-0.27464849
2025-08-15	-0.18237201	0.17096328	0.71527456	-0.17575796	0.61012791	0.35102425	0.07515006	-0.48889477	-0.27994476
2025-08-18	-0.18356692	0.17049498	0.71601558	-0.16973128	0.60748397	0.35016289	0.06150720	-0.49030491	-0.27966721
2025-08-19	-0.20087672	0.17445640	0.69057087	-0.30643587	0.57258191	0.36313648	0.04471243	-0.51028482	-0.29022914
2025-08-20	-0.20336867	0.16459723	0.71001914	-0.31584886	0.57301433	0.36068095	0.04257230	-0.52597065	-0.29419634
2025-08-21	-0.20627011	0.16280045	0.71388364	-0.30801014	0.56980659	0.36594833	0.04595053	-0.51830732	-0.29326134
2025-08-22	-0.20152565	0.16802688	0.69417143	-0.26710437	0.57025906	0.37198854	0.04413304	-0.52605498	-0.29632394
2025-08-25	-0.19263073	0.17249547	0.69860584	-0.32004614	0.55369510	0.38591020	0.03921447	-0.50007046	-0.29767631
2025-08-26	-0.20580848	0.16248143	0.69852851	-0.31138198	0.54765848	0.38936453	0.04769824	-0.53439150	-0.29606911
2025-08-27	-0.20751549	0.15913660	0.68279740	-0.33384366	0.53929268	0.39618138	0.03990659	-0.56400579	-0.29054462
2025-08-28	-0.19994931	0.15585053	0.67310415	-0.34516600	0.52076400	0.40786879	0.04153611	-0.57067887	-0.28789941
2025-08-29	-0.22177611	0.21232998	0.74102868	-0.26118205	0.51487729	0.41911903	0.03817164	-0.60066256	-0.30662198
2025-09-02	-0.20811266	0.20084481	0.72930780	-0.29523652	0.52909263	0.39770010	0.04302933	-0.60150236	-0.30457033
2025-09-03	-0.22360476	0.19838141	0.72474572	-0.28366623	0.51549431	0.40808072	0.03871172	-0.59879496	-0.30576981
2025-09-04	-0.25208947	0.18924980	0.71785807	-0.21548748	0.57842894	0.40426062	0.04434570	-0.59674610	-0.30311293
2025-09-05	-0.25498407	0.20569832	0.72293973	-0.21446335	0.56318356	0.41132444	0.03479792	-0.68216364	-0.32796359
2025-09-08	-0.28236449	0.19066441	0.78250086	-0.20866121	0.56016581	0.43351779	0.03361136	-0.63413072	-0.33862777
2025-09-09	-0.28097008	0.17730733	0.69753060	-0.21044755	0.58784842	0.43525180	0.04277799	-0.49290243	-0.32232666
2025-09-10	-0.29492429	0.18599107	0.65779496	-0.20266041	0.52605606	0.41735301	0.03241758	-0.59860277	-0.35091229
2025-09-11	-0.28187923	0.18016700	0.66477109	-0.16884470	0.52156555	0.43529763	0.03678857	-0.60540068	-0.36268145
2025-09-12	-0.25847398	0.17723721	0.66357629	-0.19300592	0.51344911	0.43038191	0.03625056	-0.59634382	-0.36030819
2025-09-15	-0.23877457	0.17732324	0.65653181	-0.18505509	0.52117470	0.43370208	0.03547080	-0.58877766	-0.36187327
2025-09-16	-0.23676936	0.18391314	0.65663393	-0.20707466	0.52233957	0.44343381	0.04145292	-0.59190462	-0.36988119
2025-09-17	-0.24099391	0.17937776	0.66249334	-0.20461045	0.52199922	0.44064704	0.04282630	-0.58699129	-0.37293411
2025-09-18	-0.25232191	0.15725073	0.67825191	-0.53938361	0.48160358	0.39634454	0.04532734	-0.48474439	-0.37312549
2025-09-19	-0.25650348	0.15446016	0.66873083	-0.50476511	0.52161188	0.40107203	0.05227157	-0.47990565	-0.36061775
2025-09-22	-0.24816104	0.14725640	0.64745195	-0.45546925	0.53625450	0.37837958	0.05994729	-0.46441006	-0.36566935
2025-09-23	-0.25924290	0.15036008	0.65080579	-0.42411224	0.54471667	0.35439188	0.05465095	-0.48259022	-0.36446170
2025-09-24	-0.24676772	0.14961299	0.62864266	-0.37874580	0.45830082	0.35474027	0.04107197	-0.46507513	-0.35781337
2025-09-25	-0.26336360	0.15408884	0.65494465	-0.45496935	0.47688657	0.33982726	0.04133796	-0.47310518	-0.36026973
2025-09-26	-0.28377778	0.16351392	0.72256667	-0.46369137	0.50299990	0.33576880	0.03863145	-0.54426116	-0.36749598
2025-09-29	-0.27488281	0.15610762	0.70970878	-0.43114216	0.46928080	0.32111922	0.03391612	-0.53766389	-0.36863251
2025-09-30	-0.29941036	0.15847109	0.76471030	-0.44557910	0.47775904	0.33103645	0.02715646	-0.57174542	-0.35704894
2025-10-01	-0.34293806	0.16247168	0.81863743	-0.35869721	0.55972655	0.30060415	0.02413820	-0.69179398	-0.34162804
2025-10-02	-0.35383388	0.15756573	0.82277249	-0.36528819	0.56154164	0.29999922	0.02420722	-0.69324515	-0.33775816
2025-10-03	-0.35154960	0.14527080	0.82025180	-0.34810126	0.55419496	0.29923573	0.01788574	-0.69629946	-0.32855923
2025-10-06	-0.31512521	0.11316554	0.84037955	-0.40444746	0.52310177	0.25930235	0.02032541	-0.71051544	-0.32456408
2025-10-07	-0.28334608	0.15815939	0.81442344	-0.37570391	0.45524938	0.23664104	0.03565766	-0.72882550	-0.29735467
2025-10-08	-0.28734511	0.17772645	0.87753884	-0.37029121	0.48204221	0.22631973	0.03187927	-0.75741800	-0.25972629
2025-10-09	-0.30263145	0.16234132	0.88783904	-0.31671764	0.48543788	0.20623378	0.02391413	-0.73856078	-0.24132974
2025-10-10	-0.30417530	0.16633713	0.89767634	-0.28918784	0.48725483	0.20621399	0.01585978	-0.72241966	-0.23714721
2025-10-13	-0.30817492	0.16663454	0.89143632	-0.29568590	0.48577462	0.20399404	0.01321534	-0.71940402	-0.23437165
2025-10-14	-0.32466012	0.17107977	0.91870218	-0.31410179	0.48969266	0.19163554	0.01022744	-0.70270545	-0.22940797
2025-10-15	-0.33597764	0.18246842	0.92743378	-0.28905243	0.49273543	0.17885753	0.00154359	-0.73874156	-0.23564386
2025-10-16	-0.34986169	0.17887522	0.91847505	-0.26485987	0.45819139	0.19001684	-0.00562210	-0.77026807	-0.23206451
2025-10-17	-0.38478739	0.20482221	0.90137169	-0.21777501	0.47740369	0.19628641	-0.00459619	-0.78634328	-0.24451301
2025-10-20	-0.39411166	0.20779464	0.92335919	-0.22403287	0.47001495	0.19264419	-0.02384424	-0.81721857	-0.24950806
2025-10-21	-0.41543122	0.21880297	0.91343253	-0.22494616	0.49427374	0.20100246	-0.02117186	-0.85577737	-0.23683348
2025-10-22	-0.41306920	0.22010786	0.90963924	-0.23246766	0.49556538	0.20186131	-0.02261107	-0.86125032	-0.23616241
2025-10-23	-0.40625977	0.22255097	0.90477475	-0.24870127	0.47639927	0.19976963	-0.04839567	-0.81648052	-0.23336916
2025-10-24	-0.39871389	0.22317628	0.88666133	-0.22894783	0.45015183	0.19848343	-0.05764533	-0.79851791	-0.22985257
2025-10-27	-0.39922615	0.22464879	0.88783036	-0.23234510	0.45201831	0.20433538	-0.06078953	-0.80118665	-0.23074688
2025-10-28	-0.41377233	0.21827574	0.86310933	-0.29026989	0.44264373	0.15975200	-0.07316317	-0.80181203	-0.18876950
2025-10-29	-0.43725547	0.30488417	0.82248024	-0.29668430	0.44258589	0.15334016	-0.07667533	-0.81209559	-0.19979691
2025-10-30	-0.44681411	0.30784175	0.84297169	-0.25847668	0.45849858	0.16037003	-0.07416273	-0.83768273	-0.20835058
2025-10-31	-0.46597266	0.31113460	0.85484498	-0.26922180	0.45174946	0.15194516	-0.07579352	-0.69587337	-0.21544840
2025-11-03	-0.46153855	0.31700149	0.86072061	-0.24223076	0.42055628	0.13851874	-0.06935991	-0.72771542	-0.20711395
2025-11-04	-0.46844956	0.30773114	0.85874063	-0.25455238	0.39769785	0.13743519	-0.07539123	-0.76718130	-0.19879957
2025-11-05	-0.48582684	0.28011448	0.91041365	-0.28699351	0.34164843	0.18830156	-0.07222832	-0.78924062	-0.19864463
2025-11-06	-0.51046730	0.27248051	0.91349334	-0.30947514	0.36521746	0.18090433	-0.07397934	-0.80943498	-0.21465443
2025-11-07	-0.51027381	0.28630320	0.91771581	-0.31801815	0.36306689	0.17598331	-0.07147898	-0.81509079	-0.22007816
2025-11-10	-0.51646971	0.29950861	0.98069433	-0.31705952	0.32634849	0.14228107	-0.05522831	-0.77586750	-0.24424891
2025-11-11	-0.51461011	0.26518920	0.99595038	-0.30443165	0.36004950	0.12628804	-0.06002018	-0.81836776	-0.22875955
2025-11-12	-0.55612857	0.27705233	1.00995637	-0.26147620	0.45211000	0.07353633	-0.06034186	-0.84937503	-0.24115974
2025-11-13	-0.55227853	0.26467869	1.00887602	-0.26277951	0.45143502	0.07047507	-0.05777573	-0.86373029	-0.22732318
2025-11-14	-0.56171952	0.26990389	0.99875565	-0.24713089	0.42351803	0.06455294	-0.05714933	-0.85413279	-0.24365722
2025-11-17	-0.55341027	0.26552699	0.98299282	-0.23641343	0.43663135	0.06577868	-0.05367501	-0.88058578	-0.24125442
2025-11-18	-0.55938307	0.25628613	1.00267653	-0.24753958	0.42085519	0.06640518	-0.04961103	-0.87864455	-0.22907276
2025-11-19	-0.58509848	0.26243942	0.99235759	-0.25264716	0.41249592	0.07279994	-0.05756288	-0.89378605	-0.22743877
2025-11-20	-0.58140610	0.26228860	1.00818727	-0.25316498	0.38118177	0.07853670	-0.05728806	-0.89058267	-0.22102013
2025-11-21	-0.58584292	0.26825685	0.99056947	-0.24962323	0.37345487	0.07652345	-0.06213292	-0.89054261	-0.22534319
2025-11-24	-0.58790140	0.26402205	1.01453894	-0.23737815	0.41484926	0.06322917	-0.06826368	-0.90590486	-0.23332645
2025-11-25	-0.59028929	0.26753530	1.01549892	-0.23957325	0.41677566	0.06424496	-0.07028553	-0.91770037	-0.23678663
2025-11-26	-0.61675659	0.28925247	1.04801034	-0.24257604	0.42423950	0.11821975	-0.07861554	-1.00026001	-0.23881193
2025-11-28	-0.60924556	0.27824702	1.04320496	-0.22829631	0.42132308	0.10202655	-0.08020412	-0.99094095	-0.23081430
2025-12-01	-0.60784459	0.28147880	1.05224706	-0.22053511	0.41911525	0.09972608	-0.07763384	-0.99776934	-0.23345197
2025-12-02	-0.59620260	0.25972074	1.02603852	-0.29629036	0.45461963	0.11134281	-0.06906339	-1.01531432	-0.21419815
2025-12-03	-0.58875451	0.25744996	1.00339644	-0.32827090	0.41629167	0.10598399	-0.06174152	-1.01267157	-0.20352991
2025-12-04	-0.59150401	0.25141516	0.95651603	-0.26979179	0.51425755	0.06598429	-0.07740111	-0.93998599	-0.19686081
2025-12-05	-0.61187365	0.25024546	0.95783684	-0.26053378	0.50225095	0.07046978	-0.07626901	-0.93244284	-0.19684770
2025-12-08	-0.56517095	0.27111888	0.92646913	-0.14611420	0.46390874	0.06467893	-0.02863107	-0.93309298	-0.16791679
2025-12-09	-0.58421315	0.27492783	0.93088534	-0.10130916	0.46662734	0.07235812	-0.03566448	-0.95058182	-0.16504313
2025-12-10	-0.60254825	0.28021976	0.94699415	-0.08349269	0.48112566	0.07385513	-0.04050673	-0.90909548	-0.17521840
2025-12-11	-0.60996405	0.27968697	0.95407839	-0.08052285	0.46893320	0.07211521	-0.04033602	-0.91259831	-0.17395992
2025-12-12	-0.65765721	0.30465077	0.96619259	-0.09670047	0.48961993	0.05115561	-0.05003733	-0.91407490	-0.18448576
2025-12-15	-0.69884908	0.29549535	0.97499578	-0.10144540	0.49937143	0.07215441	-0.04278366	-0.93963289	-0.17402582
2025-12-16	-0.69305763	0.29688737	0.95502969	-0.10148149	0.51461761	0.07306144	-0.04669881	-0.94104614	-0.17836544
2025-12-17	-0.69701495	0.29951849	0.97569400	-0.11213413	0.51172077	0.05538129	-0.05656031	-0.95823716	-0.17503717
2025-12-18	-0.69582320	0.30355107	1.01490153	-0.10795394	0.45338880	0.05930592	-0.04903668	-0.96403506	-0.17077259
2025-12-19	-0.69085791	0.29847943	0.99220378	-0.10888984	0.40171176	0.04248027	-0.04753597	-0.93523924	-0.15581290
2025-12-22	-0.68976273	0.29569750	1.02385334	-0.16906468	0.38869890	0.02041154	-0.04114911	-0.99853400	-0.16650346
2025-12-23	-0.69146201	0.27727484	1.03416400	-0.15869849	0.40445892	0.00798423	-0.04119271	-0.99953062	-0.14189467
2025-12-24	-0.68625653	0.27024799	0.99718007	-0.15487415	0.43197575	0.00766163	-0.04249908	-0.99656369	-0.13418274
2025-12-26	-0.68532282	0.26951526	0.99715121	-0.15592613	0.42762293	0.00830133	-0.04294944	-0.99149949	-0.13490951
2025-12-29	-0.68752320	0.27215922	0.98104522	-0.16614011	0.41429047	0.00250587	-0.04680800	-0.98689396	-0.13562953
2025-12-30	-0.69218742	0.27997493	0.98392189	-0.17306455	0.39952672	-0.00014194	-0.05169575	-0.97506444	-0.14218082
2025-12-31	-0.70073633	0.27797010	0.98255527	-0.18993618	0.38882853	0.00516032	-0.05121923	-0.97426747	-0.14797347
2026-01-02	-0.78231702	0.29989781	0.89381149	0.02507807	0.60595961	0.06458991	-0.07483506	-0.96880592	-0.17118294
2026-01-05	-0.78546309	0.29218241	0.88760215	0.02396554	0.59210304	0.06647539	-0.07536511	-0.95856178	-0.17658132
2026-01-06	-0.75936177	0.30340743	0.89963119	0.05783582	0.46041275	0.10597902	-0.06548428	-0.96765924	-0.15591799
2026-01-07	-0.75865031	0.32297614	0.90289094	-0.05547786	0.46550812	0.09428678	-0.06629498	-0.96908485	-0.15423001
2026-01-08	-0.74927942	0.31727913	0.90572166	-0.09064618	0.46377000	0.08034270	-0.06522641	-0.94612400	-0.14631707
2026-01-09	-0.72925993	0.32198807	0.90491997	-0.13529060	0.44217970	0.09081442	-0.06033996	-0.90344785	-0.15805855
2026-01-12	-0.74380025	0.32541795	0.89745004	-0.15326118	0.44804670	0.08781096	-0.05095813	-0.90653383	-0.16537714
2026-01-13	-0.77415320	0.32477858	0.90911744	-0.10195132	0.44028903	0.08223989	-0.05448827	-0.93413320	-0.16384451
2026-01-14	-0.78762419	0.33651546	0.90570793	-0.10761252	0.41029747	0.08788132	-0.04759254	-0.94108493	-0.16149798
2026-01-15	-0.75910396	0.32495563	0.87745543	-0.14827751	0.38054568	0.10557345	-0.06964285	-0.92831293	-0.15576622
2026-01-16	-0.76702141	0.30328339	0.92787628	-0.17738431	0.46339758	0.08856520	-0.05666985	-0.97661967	-0.14558500
2026-01-20	-0.75544017	0.29335412	0.87774162	-0.13387508	0.49495184	0.07326411	-0.03697580	-0.94649255	-0.13964484
2026-01-21	-0.75675312	0.29943453	0.87169376	-0.12251491	0.49373729	0.07865581	-0.03630264	-0.93887186	-0.13461572
2026-01-22	-0.77317912	0.32710037	0.88777160	-0.16520410	0.52702654	0.04827707	-0.02802234	-1.00334440	-0.12959976
2026-01-23	-0.77397822	0.32582248	0.88525463	-0.17006102	0.52624623	0.04776996	-0.03006981	-0.99919381	-0.13026859
2026-01-26	-0.78770477	0.32942568	0.87732728	-0.04371510	0.57478367	0.05600484	-0.02421322	-1.06159677	-0.12311637
2026-01-27	-0.79890312	0.35271130	0.89599169	-0.01569172	0.62065133	0.07077590	-0.02459831	-1.07356909	-0.12808091
2026-01-28	-0.78905943	0.32109661	0.84767192	-0.13966657	0.55519601	0.06923749	-0.03026160	-1.06087276	-0.13527553
2026-01-29	-0.77083427	0.33033876	0.88820196	-0.11880971	0.57373921	0.09172735	0.01589865	-1.13916315	-0.19305851
2026-01-30	-0.75509307	0.32455570	0.91790771	-0.07464528	0.54607300	0.09011993	0.00087827	-1.13949841	-0.21398645
2026-02-02	-0.75685791	0.32135657	0.91785369	-0.07383062	0.54551698	0.08937600	0.00042965	-1.14379538	-0.21502585
2026-02-03	-0.80430177	0.31388153	0.93130638	-0.08138235	0.50940158	0.10195816	0.00341312	-1.15314701	-0.20441899
2026-02-04	-0.77518188	0.31199405	0.97969972	-0.06323875	0.43118379	0.11756911	-0.01122477	-1.11085383	-0.21860616
2026-02-05	-0.74762826	0.26265630	0.88163692	-0.01839178	0.42384498	0.09126469	0.00790918	-1.10615921	-0.19827573
2026-02-06	-0.72775957	0.30161767	0.83720587	-0.00226206	0.33009019	0.10725336	0.01321453	-1.06154053	-0.20163116
2026-02-09	-0.72118722	0.29304981	0.85329476	0.01911590	0.39335770	0.09735316	0.01416865	-1.04488872	-0.20597483
2026-02-10	-0.72511579	0.31429692	0.86477950	-0.04653857	0.34866148	0.09950249	0.01247297	-1.01868252	-0.21882209
2026-02-11	-0.72631528	0.35353585	0.81376541	-0.03873707	0.43935044	0.09267604	0.00382168	-1.03762816	-0.19727554
2026-02-12	-0.71049047	0.34954302	0.79875934	-0.03501176	0.45994743	0.09591281	0.00263210	-1.02686430	-0.19646433
2026-02-13	-0.71634586	0.36218748	0.80788894	0.00817725	0.46931504	0.09490907	0.00029189	-1.03218795	-0.20461383
2026-02-17	-0.72101856	0.35195122	0.79810445	-0.00092272	0.44650700	0.09966642	0.00601268	-1.04272747	-0.20273255
2026-02-18	-0.71139734	0.36101434	0.80244137	0.04211375	0.40867533	0.08815523	0.02308086	-1.03808334	-0.19509686
2026-02-19	-0.73108323	0.40286462	0.83004023	0.14189438	0.43048033	0.08823627	0.04466431	-1.11829796	-0.19145835
2026-02-20	-0.73554805	0.41205598	0.80415096	0.10866274	0.40697997	0.09529297	0.04166853	-1.09064694	-0.18403073
2026-02-23	-0.74163079	0.41411146	0.80749348	0.13343691	0.40945019	0.10561767	0.04868791	-1.10998714	-0.17644531
2026-02-24	-0.74340004	0.41138742	0.80790700	0.13284930	0.41320359	0.10408352	0.04827488	-1.11434374	-0.16935952
2026-02-25	-0.74112813	0.41282973	0.80667649	0.14047769	0.41531998	0.10803722	0.04744740	-1.11361771	-0.16777942
2026-02-26	-0.73618585	0.42767841	0.80708746	0.15201404	0.42239740	0.11068444	0.04472891	-1.12102056	-0.17615566
2026-02-27	-0.68665405	0.38795755	1.24025683	0.31898028	0.47470771	0.06523090	0.05647832	-1.17918932	-0.12541878
2026-03-02	-0.67932963	0.39770560	1.13745281	0.37207638	0.51186887	0.02286744	0.06543948	-1.13366260	-0.13759608
2026-03-03	-0.70800459	0.38164973	1.04525671	0.35456832	0.54083373	0.01508445	0.07206133	-1.19371542	-0.13666862
2026-03-04	-0.69925020	0.37903800	1.04395692	0.35731346	0.54299065	0.01528050	0.07129451	-1.19872763	-0.13244347
2026-03-05	-0.69578849	0.37866850	1.06310633	0.35894650	0.53901047	0.00382786	0.07548594	-1.20913838	-0.13340394
2026-03-06	-0.67283660	0.37238770	1.05309000	0.29277373	0.46318647	0.01451001	0.05386609	-1.19704124	-0.14794385
2026-03-09	-0.66726055	0.37217229	1.05502213	0.32015132	0.44095985	0.02184744	0.05981447	-1.19992956	-0.12218048
2026-03-10	-0.65153521	0.37042724	1.04502794	0.31449308	0.42668774	0.01976363	0.05770968	-1.19350423	-0.13184879
2026-03-11	-0.64672496	0.39687899	1.04111954	0.31044678	0.38388246	0.00998843	0.05779361	-1.23598522	-0.14968341
2026-03-12	-0.67264957	0.43617684	1.05827293	0.36387161	0.44094223	0.01214237	0.05915640	-1.24309214	-0.14225929
2026-03-13	-0.68100634	0.44198653	1.05408016	0.35903148	0.50003388	0.01600883	0.06046835	-1.23898637	-0.13780548
2026-03-16	-0.67833127	0.44310128	1.05809688	0.35140216	0.51966571	0.01500013	0.06083686	-1.24012750	-0.13815176
2026-03-17	-0.68333975	0.45057312	1.06911539	0.35531148	0.52522101	0.03136813	0.05756775	-1.24492283	-0.13436075
2026-03-18	-0.68394075	0.44551980	1.06939487	0.35259235	0.52393338	0.03175487	0.05527701	-1.24267045	-0.12507700
2026-03-19	-0.66755668	0.43832343	1.09632229	0.33663313	0.49431758	0.02138012	0.05722718	-1.22673432	-0.12368171
2026-03-20	-0.65528587	0.40225079	1.02044385	0.46298759	0.49466979	0.03916722	0.04767193	-1.18183851	-0.09032950
2026-03-23	-0.65007229	0.39772163	1.02926974	0.38838220	0.32589418	0.00774042	0.03400671	-1.13376737	-0.09630016
2026-03-24	-0.65033362	0.39597175	1.08166922	0.34980020	0.28876020	0.01458138	0.02768856	-1.13778848	-0.09633005
2026-03-25	-0.60576164	0.31997168	1.10046038	0.45331723	0.15730608	0.06249124	0.03882745	-1.08836322	-0.08422536
2026-03-26	-0.58808857	0.31766389	1.12558135	0.40764628	0.18251678	0.05806041	0.04022437	-1.08004665	-0.08844823
2026-03-27	-0.58711177	0.31848362	1.12331536	0.39468217	0.19268990	0.05716168	0.03872713	-1.08047873	-0.08956937
2026-03-30	-0.58361509	0.31226729	1.14172679	0.42899927	0.21843114	0.05302588	0.03690005	-1.07155923	-0.08969767
2026-03-31	-0.59270681	0.32248886	1.16555688	0.40164114	0.24926095	0.06764124	0.04219502	-1.09804872	-0.09166917
2026-04-01	-0.57118725	0.32289561	1.13100772	0.41545810	0.23144526	0.05198167	0.04505559	-1.08706887	-0.09844287
2026-04-02	-0.45673851	0.28988633	1.11646562	0.25878041	0.09333555	0.04122431	0.05955924	-0.83186017	-0.08201001
2026-04-06	-0.45307547	0.29578898	1.11868484	0.25595854	0.08110857	0.04726508	0.06897606	-0.82428624	-0.07904428
2026-04-07	-0.46241260	0.29084431	1.13752255	0.28302739	0.06569793	0.03695411	0.07722316	-0.85980447	-0.07593800
2026-04-08	-0.49854453	0.32362514	1.14043485	0.33952003	0.06013276	0.09036006	0.07580764	-0.84040333	-0.04129300
2026-04-09	-0.50476182	0.32408611	1.12704215	0.34322919	0.07079441	0.08832952	0.07605806	-0.84905929	-0.03742949
2026-04-10	-0.47896131	0.28903155	0.95826747	0.37180941	-0.03640292	0.09224359	0.09112257	-0.77561063	-0.05877277
2026-04-13	-0.48857668	0.28572315	0.94122896	0.36929109	-0.03277041	0.09799281	0.09104551	-0.78466608	-0.05664351
2026-04-14	-0.48152054	0.28573970	0.95495520	0.38406518	-0.04490223	0.09247544	0.08964825	-0.77038327	-0.05612018
2026-04-15	-0.49330570	0.28688242	1.02177379	0.37844700	0.00816681	0.09828668	0.09692671	-0.86839504	-0.04570943
2026-04-16	-0.49997223	0.29527744	0.96255182	0.32973761	0.02980137	0.09028964	0.09987814	-0.83646559	-0.04553442
2026-04-17	-0.48463929	0.27180507	0.95949907	0.30566312	0.02147153	0.09892467	0.11487972	-0.78261079	-0.01535306
2026-04-20	-0.45802442	0.27649673	0.98738485	0.23412579	-0.03774313	0.10421276	0.09812882	-0.71097927	-0.01863611
2026-04-21	-0.45135608	0.26931342	1.00886170	0.22466492	-0.06250692	0.09496505	0.09778735	-0.70336745	-0.00875019
2026-04-22	-0.40904446	0.26936661	0.98929447	0.18384216	-0.02404728	0.07135932	0.09930415	-0.65751256	0.00232104
2026-04-23	-0.41698287	0.25912704	0.98597645	0.19216502	-0.03442927	0.06858755	0.10185992	-0.65404042	-0.01034354
2026-04-24	-0.40046401	0.26147732	0.96297856	0.34839527	-0.07505777	0.08181672	0.11078940	-0.62651991	-0.01643001
2026-04-27	-0.34991815	0.27332932	0.88655962	0.29749752	-0.14811320	0.02646046	0.08690494	-0.58595749	0.00593860
2026-04-28	-0.35297173	0.26966566	0.91097254	0.26607783	-0.14057503	0.02245439	0.09404555	-0.59234190	0.00571596
2026-04-29	-0.35296207	0.27224012	0.92403142	0.19758787	-0.12105642	0.03986447	0.11006335	-0.57102062	0.00118612
2026-04-30	-0.31647318	0.31554051	0.94317642	0.22734794	-0.14679617	0.02302783	0.10108468	-0.53932245	-0.01309403
2026-05-01	-0.27260194	0.23259320	0.95437739	0.21092997	-0.15592384	0.03583062	0.08483230	-0.84763747	0.02291719
2026-05-04	-0.26824854	0.23541682	0.93289571	0.20379935	-0.20402806	0.03626343	0.10659303	-0.85964071	0.03326644
2026-05-05	-0.29358800	0.20935823	0.89525611	0.11917141	-0.27262747	0.10938923	0.07721420	-0.83008044	0.05863200
2026-05-06	-0.30847091	0.19222401	0.94583074	0.05553470	-0.27590625	0.14817973	0.09693095	-0.83401810	0.03871967
2026-05-07	-0.28211641	0.17203196	0.95894092	0.03569009	-0.27851591	0.11462996	0.10229503	-0.79902107	0.04967769
2026-05-08	-0.26908147	0.20461927	0.80760250	0.07080021	-0.24093324	0.12218063	0.08003317	-0.77952450	0.07549631
2026-05-11	-0.23073701	0.15507820	0.93103974	0.13212318	-0.25642610	0.09963480	0.08945641	-0.62401837	0.08586609
2026-05-12	-0.24048325	0.14008226	0.92026905	0.12869725	-0.25163463	0.11028766	0.07819807	-0.61632135	0.10079887
2026-05-13	-0.23291039	0.14296904	0.88044753	0.11224960	-0.26156339	0.11833137	0.08472675	-0.59386370	0.09925771
2026-05-14	-0.23450418	0.14921121	0.85140272	0.06653511	-0.36355589	0.12520122	0.09247994	-0.62095352	0.11481638
2026-05-15	-0.23626895	0.14876980	0.85156984	0.06466382	-0.36090861	0.12781036	0.09332411	-0.62732870	0.11583857
2026-05-18	-0.22748936	0.13801801	0.83965229	0.06497511	-0.37475102	0.13022582	0.08676714	-0.62241919	0.11528007
2026-05-19	-0.22754487	0.14340117	0.83150253	0.06685408	-0.37057034	0.13184170	0.08559982	-0.63332762	0.11669286
2026-05-20	-0.23215161	0.13323372	0.81108343	0.06672815	-0.37122392	0.12447156	0.09919910	-0.64526718	0.10688420
2026-05-21	-0.26872447	0.11901153	0.81129679	0.02894482	-0.36100923	0.10607711	0.11451297	-0.70006541	0.10298788
2026-05-22	-0.27361955	0.12145690	0.88855000	0.01230833	-0.38027859	0.09474392	0.11604415	-0.69330056	0.10178219
2026-05-26	-0.27490570	0.12295582	0.88190351	0.06718327	-0.46661189	0.11669028	0.10974771	-0.69236288	0.10689658
2026-05-27	-0.25397626	0.11502414	0.88711610	0.07430204	-0.47057330	0.12592144	0.10009151	-0.73744357	0.10415552
2026-05-28	-0.26224569	0.09711943	0.83768822	0.03452418	-0.49583844	0.15103203	0.11230725	-0.77823156	0.10633907
2026-05-29	-0.23915364	0.09515456	1.06251296	-0.05230564	-0.46808744	0.11749813	0.11232705	-0.73136758	0.10834869
2026-06-01	-0.19361827	0.09244633	1.06692050	-0.11936831	-0.46051418	0.16870549	0.10748767	-0.70891317	0.10880347
2026-06-02	-0.19040888	0.10358363	0.93896961	-0.22200990	-0.50443073	0.16855497	0.11371791	-0.69551466	0.11792590
2026-06-03	-0.18922070	0.10118813	0.95374146	-0.21898241	-0.50525184	0.16309122	0.11354308	-0.69359712	0.11981719
2026-06-04	-0.20137214	0.11535268	0.93049201	-0.18175046	-0.51782148	0.15002880	0.11288257	-0.71187060	0.10965696
2026-06-05	-0.21132461	0.11081141	0.99884202	-0.15380610	-0.49939203	0.15064846	0.12528643	-0.67615728	0.10410311
2026-06-08	-0.21182319	0.11465945	1.01674633	-0.18037957	-0.51739551	0.15717847	0.12439108	-0.68156899	0.09603831
2026-06-09	-0.22373388	0.11339569	1.03065973	-0.18463902	-0.54168256	0.16093708	0.12750233	-0.68097432	0.09056395
2026-06-10	-0.21490136	0.13070474	1.00228203	-0.23399838	-0.47015212	0.16794621	0.13548093	-0.60730092	0.04374104
2026-06-11	-0.19590964	0.14140024	0.99716682	-0.23144586	-0.47625935	0.16756678	0.13828921	-0.60195393	0.05595299
2026-06-12	-0.16481105	0.13358659	1.03013078	-0.20351696	-0.51107045	0.16984435	0.14004001	-0.58777243	0.06292623
2026-06-15	-0.14729064	0.12719822	1.04434685	-0.21275965	-0.52879583	0.16616054	0.13535249	-0.56379378	0.07476270
2026-06-16	-0.10785874	0.08995955	1.01385429	-0.23185121	-0.54874263	0.17439394	0.14687936	-0.55239364	0.08909523
2026-06-17	-0.11090224	0.08281430	1.05590542	-0.23775970	-0.56573945	0.17943852	0.15780969	-0.52933819	0.08960220
2026-06-18	-0.11818531	0.08746548	1.01733656	-0.21305035	-0.56279618	0.18035015	0.15874585	-0.55317663	0.08997690
2026-06-22	-0.12695312	0.06335019	0.97211324	-0.20219226	-0.56420031	0.17734950	0.18009414	-0.55374026	0.09232514
2026-06-23	-0.12900453	0.06145804	0.92419853	-0.20966250	-0.52907245	0.17821770	0.17617952	-0.55340336	0.09461572
2026-06-24	-0.12347785	0.06098670	0.93140516	-0.22145869	-0.52847790	0.18358053	0.17623651	-0.55890178	0.08900232
2026-06-25	-0.12899491	0.02100309	1.00895435	-0.17364054	-0.63181291	0.20071391	0.19192297	-0.46059969	0.09537082
2026-06-26	-0.12605776	0.00825990	1.00071035	-0.15969380	-0.62470046	0.20228233	0.18589254	-0.46091840	0.09639488
2026-06-29	-0.16259311	-0.00802688	0.96574098	-0.11328171	-0.53428264	0.20363466	0.17984065	-0.45255891	0.09641138
2026-06-30	-0.17001345	-0.00694355	0.95695051	-0.10761718	-0.57712721	0.20492826	0.18083848	-0.47889267	0.09581273
2026-07-01	-0.17148243	-0.02475405	0.95616229	-0.12132811	-0.57911796	0.20787860	0.18062738	-0.47382662	0.08904443
2026-07-02	-0.17396261	-0.02698692	0.96944297	-0.13114536	-0.58692872	0.20572925	0.18157368	-0.47198177	0.09116810
2026-07-06	-0.17892088	-0.03423142	0.97830825	-0.13464360	-0.59855090	0.19320101	0.17703611	-0.45925545	0.09024678
2026-07-07	-0.14944585	-0.04888961	0.99456474	-0.17246111	-0.79978036	0.16303296	0.19977585	-0.50162656	0.10653290
2026-07-08	-0.14970569	-0.05352053	0.99748686	-0.17121150	-0.79687029	0.16185601	0.21157381	-0.50085615	0.10691248
2026-07-09	-0.15959409	-0.05460910	0.96687934	-0.16641907	-0.72538876	0.15550672	0.20761540	-0.53546706	0.09817767
2026-07-10	-0.13876767	-0.07426861	0.96243492	-0.09272530	-0.77555482	0.16930905	0.20696291	-0.50881315	0.09525805
2026-07-13	-0.14467460	-0.07320550	0.96283066	-0.08671084	-0.77710153	0.17125231	0.20658929	-0.52459028	0.09508534
2026-07-14	-0.12757103	-0.06438503	0.87118851	-0.05469572	-0.75791370	0.14025793	0.20251183	-0.48585193	0.10436397
2026-07-15	-0.13076489	-0.06411598	0.89645892	-0.05285080	-0.74657979	0.13813262	0.20158694	-0.49621741	0.10153924
2026-07-16	-0.13796312	-0.05152715	0.91045452	-0.04494409	-0.74750777	0.13672598	0.20392576	-0.48925059	0.09134275
2026-07-17	-0.16705706	-0.04691014	0.89941003	-0.02779125	-0.73170283	0.13520046	0.20340535	-0.53581548	0.09859856
2026-07-20	-0.19530934	-0.04199451	0.83557830	0.02721007	-0.69131216	0.11430506	0.20676424	-0.50575318	0.09131140
2026-07-21	-0.18210728	-0.03155775	0.83079469	0.06371369	-0.77041742	0.13013117	0.20791705	-0.44934168	0.08826246
2026-07-22	-0.20920904	-0.04252383	0.98200271	-0.03926616	-0.81321913	0.15854332	0.19647747	-0.46571557	0.10474471
2026-07-23	-0.21898160	-0.03953135	0.97844400	-0.04640957	-0.80926628	0.14581842	0.19605632	-0.49037244	0.10434591
2026-07-24	-0.26421559	-0.05296274	0.96382276	-0.00627178	-0.79122766	0.13645843	0.17837895	-0.57167921	0.10046855
2026-07-27	-0.26466412	-0.06005411	0.94195966	-0.02657043	-0.77874454	0.12362719	0.17688469	-0.56021748	0.09641199
2026-07-28	-0.27003708	-0.04696567	0.98289644	-0.06556083	-0.80169472	0.09263878	0.19076231	-0.51062714	0.10531393
2026-07-29	-0.31384920	-0.04060287	1.01614842	-0.09352805	-0.71528527	0.08211217	0.20857926	-0.49412995	0.12782370
2026-07-30	-0.29012283	-0.03736104	1.02342257	-0.04048031	-0.71375711	0.09015706	0.20876423	-0.45926674	0.14814721
2026-07-31	-0.23180119	-0.01572624	1.07410275	-0.06591807	-0.73772359	0.04144025	0.18266909	-0.31130844	0.13964552
